ID	GRIDCODE	SPECIES	ALTITUDE	TEST	MAX4	MAX3	vegindmin	vegindmax	vegindrange	vegindmean	vegindstd	pca1min	pca1max	pca1range	pca1mean	pca1std	pca2min	pca2max	pca2range	pca2mean	pca2std	pca3min	pca3max	pca3range	pca3mean	pca3std	tc1min	tc2min	tc1range	tc1mean	tc1std	tc2min	tc2max	tc2range	tc2mean	tc2std	tc3min	tc3max	tc3range	tc3mean	tc3std	ndvimin	ndvimax	ndvirange	ndvimean	ndvistd	irmin	irmax	irrange	irmean	irstd	srtmmin	srtmmax	srtmrange	srtmmean	srtmstd
1	100	27	61	1	114	26	34	93	59	68.1892	12.3219	131.207	198.983	67.7757	167.429	13.1056	-69.3149	-41.8396	27.4753	-55.6346	7.336	58.4029	95.43	37.0271	72.7616	7.33835	94	159	65	129.973	12.4781	6	48	42	30.1892	9.07577	-17	6	23	-3.75676	5.36458	0.485714	0.688889	0.203175	0.619177	0.0570074	2.88889	5.42857	2.53968	4.36106	0.735947	87	5	84.6667	2.0548	4.81534
28	2800	21	44	2	123	32	34	92	58	51.9231	12.9464	102.249	162.49	60.2416	119.384	13.6871	-73.0184	-41.5884	31.43	-51.2874	7.09832	51.1722	80.8214	29.6492	70.2906	6.39057	75	134	59	91.9487	13.056	10	51	41	22.4103	9.18951	2	12	10	7.69231	2.67135	0.566667	0.7	0.133333	0.635464	0.0349435	3.61538	5.66667	2.05128	4.53728	0.533381	2882	41	2859	16.171	6.64737
27	2700	46	74	3	103	20	33	83	50	61.3947	10.0329	100.45	142.591	42.1406	126.018	8.73478	-69.3972	-41.835	27.5622	-57.465	5.55639	56.8723	81.1449	24.2725	66.7744	4.97412	73	115	42	98.6316	8.58218	9	44	35	29.2368	7.09126	4	13	9	10.2368	2.10806	0.578947	0.747748	0.1688	0.670875	0.0325386	3.75	6.92857	3.17857	5.13548	0.601314	2762	15	2753.25	5.62917	2.54951
2	200	21	56	4	109	21	31	97	66	57.5	15.0333	122.797	216.02	93.2237	160.685	25.2038	-66.9546	-36.8118	30.1428	-48.9762	6.58898	54.3753	96.916	42.5407	78.1508	10.8597	87	174	87	122.725	23.3923	4	49	45	22.125	10.2888	-25	4	29	-6.45	8.58181	0.490196	0.663717	0.173521	0.582653	0.0463981	2.92308	4.94737	2.02429	3.85183	0.53991	185	30	169.75	12.1937	12.1937
3	300	28	80	5	100	22	39	84	45	62.973	12.1444	122.405	171.962	49.5571	149.385	12.971	-67.4596	-45.1665	22.2931	-56.6995	5.67193	65.1788	94.4865	29.3077	78.5393	7.5805	87	136	49	113.973	12.6373	9	43	34	26.8919	8.76043	-3	7	10	3.13514	2.19535	0.555556	0.706422	0.150866	0.645496	0.0366996	3.5	5.8125	2.3125	4.69876	0.554862	303	22	290.25	8.3479	8.3479
4	400	29	70	6	97	20	11	89	78	47.2051	20.6139	89.8294	173.343	83.5134	132.324	22.8359	-69.8371	-32.9936	36.8435	-49.1358	9.39317	63.2395	108.489	45.2499	85.4297	12.3859	58	139	81	98.359	21.9317	-11	45	56	16	14.7474	-4	13	17	4.12821	3.64572	0.314286	0.689922	0.375637	0.566172	0.0929725	1.91667	5.45	3.53333	3.80435	0.930423	493	31	474.25	11.4319	10.3709
5	500	28	80	7	90	20	31	82	51	61.75	14.367	113.362	173.348	59.9858	147.127	15.6629	-66.2701	-41.1815	25.0887	-55.9211	6.80724	64.6617	95.9317	31.27	77.4823	8.68776	80	137	57	112.111	15.2839	5	41	36	26.5	10.1803	-4	9	13	2.27778	3.37154	0.54386	0.704348	0.160488	0.644056	0.0402352	3.38462	5.76471	2.38009	4.68724	0.609599	603	26	592.25	9.62743	9.62743
6	600	39	90	8	90	19	39	78	39	59.1842	9.26185	122.398	158.419	36.0216	141.454	8.62938	-66.3973	-46.2918	20.1055	-55.9895	4.90246	68.3321	90.1542	21.8222	79.0287	5.18077	89	125	36	107.763	8.85983	11	38	27	24.9211	6.579	2	10	8	5.78947	2.4619	0.565217	0.69697	0.131752	0.634285	0.0258319	3.6	5.6	2	4.49653	0.395668	737	14	730	6.08276	6.08276
7	700	38	90	9	87	18	40	74	34	56.075	7.40739	124.559	152.788	28.2289	138.128	7.38413	-65.4751	-44.6262	20.8489	-54.3895	3.97099	72.3057	88.3879	16.0822	80.2141	3.93935	90	118	28	104.55	7.2593	11	36	25	22.825	5.33801	0	11	11	5.475	2.45955	0.573333	0.698113	0.12478	0.626821	0.0260648	3.6875	5.625	1.9375	4.38627	0.387263	806	10	799.5	3.90512	4.18994
8	800	41	93	10	82	20	30	72	42	52.8974	10.691	115.901	155.356	39.4557	135.293	11.1268	-61.094	-40.4898	20.6041	-52.594	5.30696	70.298	92.6458	22.3478	81.4231	6.24099	84	121	37	102.128	10.8608	5	34	29	20.4872	7.52388	0	12	12	5.71795	3.02933	0.483871	0.670103	0.186232	0.607963	0.0360809	2.875	5.0625	2.1875	4.14197	0.443161	887	22	878.75	8.84237	8.84237
9	900	51	117	11	88	19	39	70	31	52.4872	8.28614	119.006	147.857	28.8512	132.681	7.97645	-61.2197	-45.4793	15.7404	-52.1389	4.4275	72.1636	88.0592	15.8956	80.823	4.27399	86	115	29	99.8718	7.8485	11	32	21	20.359	5.78897	-1	11	12	5.4359	2.67749	0.571429	0.676768	0.105339	0.623042	0.0278785	3.66667	5.1875	1.52083	4.33527	0.402042	985	17	976	6.81909	6.81909
10	1000	56	113	12	87	19	43	65	22	53.9744	5.01018	125.439	147.937	22.4983	135.727	5.17043	-57.3846	-46.9843	10.4004	-52.396	2.72304	72.7254	84.7102	11.9848	79.2174	2.81501	92	114	22	102.692	5.09979	14	29	15	21.5641	3.50673	0	9	9	4.35897	2.18957	0.578947	0.674419	0.0954713	0.623877	0.0229124	3.75	5.14286	1.39286	4.33727	0.326838	1092	15	1085.33	6.2361	5.43139
11	1100	58	109	13	83	17	38	69	31	54.5	6.90652	121.699	150.903	29.2037	135.887	6.69181	-59.9338	-42.8844	17.0494	-51.9499	3.56061	69.8568	87.4095	17.5527	77.2769	4.00036	89	118	29	103.3	6.60379	9	32	23	21.975	4.95221	-1	8	9	3.45	1.89671	0.558824	0.666667	0.107843	0.626559	0.0279973	3.53333	5	1.46667	4.38453	0.387204	1190	16	1180	7.11805	8.95475
12	1200	48	100	14	87	19	38	68	30	53.025	8.07306	116.487	152.169	35.6813	133.172	9.21543	-57.8788	-43.0261	14.8527	-51.0295	3.84344	67.2251	86.7038	19.4787	77.5015	5.08065	85	120	35	101.075	8.99552	10	32	22	21	5.74021	0	9	9	3.975	2.60276	0.573333	0.678161	0.104828	0.62518	0.0244652	3.6875	5.21429	1.52679	4.35868	0.350469	1272	13	1267	4.94975	4.94975
14	1400	50	101	15	90	19	43	69	26	54.925	6.64224	120.445	148.353	27.9078	134.136	6.70054	-60.3225	-45.7601	14.5624	-51.9024	3.54516	66.4514	81.2442	14.7928	74.4534	3.60928	90	117	27	103.225	6.65766	14	33	19	22.5	4.77493	3	11	8	5.775	1.9556	0.547619	0.657143	0.109524	0.616403	0.0239261	3.42105	4.83333	1.41228	4.23368	0.319879	1518	8	1513	3.55903	16.171
13	1300	50	101	16	85	19	37	68	31	53.975	9.03739	114.698	145.72	31.0218	131.186	9.42373	-58.6787	-43.0702	15.6085	-51.8875	4.14428	68.6314	85.8647	17.2333	76.2759	5.18948	84	114	30	99.925	9.09777	10	32	22	21.825	6.21244	0	10	10	5.475	2.39779	0.552239	0.693878	0.141639	0.632709	0.0343281	3.46667	5.53333	2.06667	4.49143	0.49697	1379	24	1369.25	8.84237	8.95824
15	1500	49	97	17	86	19	50	73	23	64.725	5.94133	125.364	150.292	24.9277	141.507	6.03715	-59.5158	-47.5933	11.9225	-55.4278	2.85356	61.4758	75.4336	13.9578	66.7498	3.28258	95	120	25	110.55	5.92009	20	36	16	29.825	3.97421	-1	7	8	3.45	1.92289	0.609756	0.705882	0.0961263	0.669733	0.0251636	4.125	5.8	1.675	5.08982	0.449214	1647	9	1642.5	3.3541	3.55903
16	1600	54	125	18	94	19	37	68	31	52.9744	8.37116	112.432	143.455	31.0223	129.279	8.92315	-59.6568	-44.0124	15.6444	-51.3826	3.86108	65.5625	85.6801	20.1176	74.533	4.95886	83	113	30	99.1538	8.77508	9	32	23	21.5641	5.7548	2	12	10	6.38462	2.30513	0.552239	0.666667	0.114428	0.617881	0.0291377	3.46667	5	1.53333	4.26383	0.393104	1735	29	1722.2	9.64158	5.73488
17	1700	51	100	19	90	20	40	70	30	52.75	8.65953	115.064	145.077	30.0133	128.511	8.60077	-58.6333	-42.9221	15.7112	-50.5714	4.35838	64.225	80.7147	16.4897	73.1014	5.13796	85	115	30	98.675	8.56559	13	33	20	21.625	6.05676	1	10	9	5.5	2.30217	0.571429	0.7	0.128571	0.621353	0.0293896	3.66667	5.66667	2	4.31472	0.424675	1838	21	1829.67	9.10433	6.68954
18	1800	51	104	20	96	20	43	76	33	52.725	5.73144	119.432	149.251	29.819	129.551	5.58964	-62.2046	-44.7326	17.472	-49.8999	3.13575	59.2152	77.9167	18.7015	72.4894	3.28057	90	120	30	99.775	5.56546	14	38	24	21.475	4.1892	1	9	8	4.95	1.84323	0.564103	0.678571	0.114469	0.619669	0.0248725	3.58824	5.22222	1.63399	4.28167	0.354445	1849	5	1847.25	1.92029	8.01561
19	1900	54	104	21	97	19	29	73	44	57.4103	8.7902	106.325	145.609	39.284	131.903	8.32347	-60.6145	-38.6504	21.9641	-52.7228	4.45995	61.3572	83.8043	22.4471	69.329	4.64496	78	116	38	102.59	8.03428	5	36	31	25.1026	6.27079	3	11	8	5.97436	1.52731	0.491525	0.692308	0.200782	0.634633	0.0377602	2.93333	5.5	2.56667	4.52581	0.508524	1926	12	1919.5	4.7697	2.94746
20	2000	49	107	22	100	20	55	78	23	63.7949	5.67577	126.96	146.184	19.2242	134.968	5.23657	-65.556	-51.5722	13.9838	-56.8397	3.13821	59.1039	71.9328	12.8289	66.4596	3.20405	98	118	20	106.59	5.26585	23	40	17	29.5128	4.21153	7	12	5	9.58974	1.39077	0.61165	0.692308	0.0806572	0.655122	0.0215496	4.15	5.5	1.35	4.82175	0.362304	2023	16	2015.25	7.75806	4.7697
21	2100	51	116	23	102	17	40	78	38	63.3	10.8448	115.939	150.191	34.2516	135.222	10.4147	-63.7928	-44.6387	19.1541	-56.711	5.33648	58.7677	77.863	19.0953	66.7116	5.92975	87	121	34	106.325	10.4053	14	40	26	29.55	7.5065	3	12	9	8.25	2.07063	0.571429	0.705882	0.134454	0.651817	0.0306582	3.66667	5.8	2.13333	4.78638	0.482278	2145	41	2130.25	16.5888	7.75806
22	2200	53	106	24	90	18	4	81	77	46.85	24.3614	73.5491	152.606	79.0569	116.596	24.2842	-66.0614	-26.3526	39.7088	-47.8259	12.3368	54.4799	96.9731	42.4932	73.5243	12.7879	47	125	78	89.1	23.6409	-13	42	55	17.925	17.3182	4	13	9	7.925	1.97974	0.153846	0.72973	0.575884	0.562678	0.144042	1.36364	6.4	5.03636	3.99079	1.31367	2300	62	2268.25	23.9204	16.5888
23	2300	46	93	25	83	23	-3	85	88	41.1538	23.5563	64.2482	157.282	93.0342	110.578	25.0692	-65.5457	-23.7675	41.7782	-44.8052	11.2147	48.9327	99.6246	50.6919	76.3469	12.9121	38	128	90	82.8974	24.1691	-17	46	63	14.1282	16.6135	-1	11	12	6.38462	2.5682	-0.2	0.714286	0.914286	0.532534	0.198459	0.666667	6	5.33333	3.82934	1.39479	2275	30	2258	12.5698	23.9204
24	2400	43	79	26	88	20	23	73	50	40.25	11.8759	92.1097	143.336	51.2259	109.901	11.3396	-63.2038	-36.5831	26.6207	-45.0242	6.48182	61.1717	85.7508	24.5791	77.3469	5.83833	65	115	50	82.375	11.0943	2	37	35	13.575	8.38716	3	11	8	7.6	2.07123	0.469388	0.682243	0.212855	0.578493	0.0497362	2.76923	5.29412	2.52489	3.81351	0.587687	2402	58	2378.25	24.8835	14.1841
25	2500	41	79	27	97	16	38	68	30	52.6923	8.45244	109.446	136.873	27.4278	123.998	6.50657	-63.9633	-38.643	25.3204	-52.0236	5.70097	64.8086	79.3035	14.4948	71.4526	3.77479	80	107	27	95.7436	6.43595	13	34	21	22.6154	6.08746	-5	17	22	7.87179	4.00755	0.482353	0.693878	0.211525	0.619633	0.0535192	2.86364	5.53333	2.6697	4.35605	0.704243	2643	24	2632	9.24662	18.1435
26	2600	44	84	28	113	21	27	72	45	48.6757	8.29215	109.017	138.242	29.2247	121.003	6.82762	-61.8603	-33.275	28.5853	-49.0047	5.41506	61.0262	78.8903	17.8641	72.1633	3.89787	81	110	29	92.7568	6.77996	4	36	32	19.7568	5.86978	-6	11	17	5.83784	3.59815	0.442623	0.692308	0.249685	0.606023	0.050072	2.58824	5.5	2.91176	4.15138	0.599646	2719	4	2717	1.58114	9.24662
