RECNO	POINTNO	LON_EX	LAT_EX	ALT_EX	TMIN1	TMIN2	TMIN3	TMIN4	TMIN5	TMIN6	TMIN7	TMIN8	TMIN9	TMIN10	TMIN11	TMIN12	TMAX1	TMAX2	TMAX3	TMAX4	TMAX5	TMAX6	TMAX7	TMAX8	TMAX9	TMAX10	TMAX11	TMAX12	PREC1	PREC2	PREC3	PREC4	PREC5	PREC6	PREC7	PREC8	PREC9	PREC10	PREC11	PREC12	PRE	BIO1	BIO2	BIO3	BIO4	BIO5	BIO6	BIO7	BIO8	BIO9	BIO10	BIO11	BIO12	BIO13	BIO14	BIO15	BIO16	BIO17	BIO18	BIO19	ID
1	1	-2.0254	38.8439	751.0000	0.9000	1.5000	3.7000	6.1000	9.2000	13.3000	16.5000	16.3000	13.4000	8.7000	4.5000	2.0000	10.7000	12.3000	15.3000	17.9000	21.3000	27.0000	31.5000	30.9000	26.9000	20.6000	15.1000	11.3000	28	30	35	53	46	34	10	14	29	45	40	34	398	14.0375	12.0583	39.4063	662.8695	31.5000	0.9000	30.6000	12.2500	22.5833	22.5833	6.4500	398.0000	53.0000	10.0000	37.5667	134.0000	53.0000	58.0000	92.0000	0
2	2	-1.7313	41.3928	737.0000	-1.0000	-0.2000	2.5000	4.8000	8.4000	12.0000	14.4000	14.2000	11.9000	6.8000	2.6000	0.5000	7.1000	9.4000	13.2000	15.7000	19.3000	24.3000	27.5000	27.0000	24.0000	17.5000	12.1000	8.6000	27	26	34	35	61	51	23	25	39	39	30	39	429	11.7750	10.7333	37.6608	648.3528	27.5000	-1.0000	28.5000	14.0833	5.1667	19.9000	4.0667	429.0000	61.0000	23.0000	31.4240	147.0000	87.0000	99.0000	92.0000	0
3	3	32.1883	47.2748	68.0000	-6.8000	-5.8000	-2.3000	4.9000	11.0000	15.0000	17.0000	16.2000	11.1000	5.3000	0.3000	-3.2000	-0.8000	0.1000	4.6000	13.8000	20.8000	25.4000	27.7000	27.1000	21.5000	14.0000	6.5000	2.1000	34	34	28	33	43	56	57	39	41	25	35	40	465	9.3958	8.3417	24.1787	977.7978	27.7000	-6.8000	34.5000	19.4833	2.5500	21.4000	-2.4000	465.0000	57.0000	25.0000	25.2401	156.0000	95.0000	152.0000	108.0000	0
4	4	20.0321	44.0397	656.0000	-5.0000	-3.0000	0.1000	3.6000	8.2000	11.5000	13.0000	12.8000	9.6000	5.7000	0.9000	-2.6000	1.7000	4.4000	9.6000	13.5000	18.3000	21.7000	23.8000	24.0000	20.5000	15.4000	8.0000	3.4000	60	54	55	68	95	98	87	68	68	63	74	71	861	9.1292	9.1250	31.4655	729.7243	24.0000	-5.0000	29.0000	16.0833	1.3000	17.8000	-0.1833	861.0000	98.0000	54.0000	20.2418	280.0000	169.0000	253.0000	185.0000	0
5	5	35.2273	50.2158	166.0000	-10.1000	-9.4000	-4.4000	3.5000	9.5000	13.1000	14.7000	13.6000	8.6000	2.9000	-2.2000	-6.5000	-3.8000	-3.0000	2.3000	12.8000	20.3000	23.7000	25.3000	24.7000	18.9000	11.3000	3.3000	-1.2000	45	34	34	40	50	66	70	52	49	43	46	47	576	6.9958	8.4417	23.8465	1021.9666	25.3000	-10.1000	35.4000	19.1833	0.3000	19.1833	-5.6667	576.0000	70.0000	34.0000	22.8563	188.0000	108.0000	188.0000	126.0000	0
6	6	39.9329	52.2745	146.0000	-12.9000	-12.7000	-6.7000	2.7000	8.9000	12.6000	14.2000	13.0000	8.0000	2.1000	-3.8000	-8.7000	-5.9000	-5.2000	0.2000	12.2000	20.6000	24.4000	25.7000	24.7000	18.5000	9.8000	1.7000	-2.8000	37	28	27	35	45	61	74	52	50	43	47	45	544	5.8583	8.9333	23.1434	1120.4521	25.7000	-12.9000	38.6000	19.1000	-1.5833	19.1000	-8.0333	544.0000	74.0000	27.0000	29.4051	187.0000	90.0000	187.0000	110.0000	0
7	7	44.8345	53.0587	182.0000	-15.0000	-14.9000	-8.9000	1.4000	8.2000	12.5000	14.5000	12.9000	7.4000	1.3000	-5.4000	-10.8000	-7.9000	-7.2000	-1.6000	10.8000	19.9000	24.1000	25.6000	24.3000	17.5000	8.4000	-0.1000	-4.9000	39	25	26	35	37	61	68	53	51	49	46	40	530	4.6708	8.8083	21.6954	1200.0539	25.6000	-15.0000	40.6000	18.9833	-3.4000	18.9833	-10.1167	530.0000	68.0000	25.0000	29.5971	182.0000	86.0000	182.0000	104.0000	0
8	8	44.6385	51.0981	182.0000	-14.3000	-14.3000	-8.1000	2.4000	9.0000	13.2000	15.2000	13.8000	8.2000	1.9000	-4.6000	-9.9000	-7.1000	-6.3000	-0.6000	12.4000	21.2000	25.5000	27.3000	26.1000	19.3000	9.9000	1.1000	-4.0000	35	24	22	30	35	52	49	44	42	34	42	37	446	5.7208	9.3583	22.4960	1216.8373	27.3000	-14.3000	41.6000	20.1833	-2.4167	20.1833	-9.3167	446.0000	52.0000	22.0000	24.7085	145.0000	76.0000	145.0000	96.0000	0
9	9	42.2857	43.8436	1670.0000	-9.5000	-9.3000	-5.8000	-1.9000	2.6000	5.4000	8.0000	8.0000	4.1000	0.5000	-3.3000	-7.1000	-0.8000	-0.7000	3.3000	9.3000	14.3000	17.6000	20.5000	20.6000	16.9000	11.6000	5.1000	1.2000	24	24	34	68	109	131	110	92	72	49	40	34	787	4.6083	10.6000	35.2159	725.8250	20.6000	-9.5000	30.1000	11.4000	-3.8000	13.3500	-4.3667	787.0000	131.0000	24.0000	56.8012	350.0000	82.0000	333.0000	82.0000	0
10	10	34.1489	45.4121	63.0000	-0.8000	-0.7000	0.7000	5.6000	10.3000	14.6000	17.2000	16.8000	12.6000	7.7000	4.3000	1.8000	5.8000	6.2000	8.8000	15.6000	20.9000	25.5000	28.6000	28.4000	23.7000	17.4000	11.7000	8.1000	58	48	39	32	38	49	40	35	37	32	49	71	528	12.1167	9.2167	31.3492	764.5151	28.6000	-0.8000	29.4000	5.1500	17.7667	21.8500	3.3333	528.0000	71.0000	32.0000	26.4156	178.0000	104.0000	124.0000	145.0000	0
11	11	42.2857	42.6672	1234.0000	-6.3000	-5.5000	-2.8000	0.8000	4.9000	7.9000	10.8000	11.2000	7.4000	3.8000	-0.1000	-3.9000	2.2000	3.0000	6.8000	12.3000	16.7000	19.8000	22.4000	22.9000	19.7000	15.1000	8.8000	4.7000	80	78	80	99	102	135	106	107	111	108	98	108	1212	7.6083	10.5167	36.0160	690.6776	22.9000	-6.3000	29.2000	15.8333	-0.4333	15.8333	-0.9667	1212.0000	135.0000	78.0000	15.9089	348.0000	238.0000	348.0000	266.0000	0
12	12	43.3640	41.5888	2035.0000	-13.0000	-12.6000	-8.3000	-3.5000	1.0000	3.3000	6.2000	6.1000	2.1000	-1.1000	-5.2000	-9.8000	-2.5000	-2.0000	1.8000	7.8000	12.9000	16.3000	19.6000	20.1000	16.8000	11.8000	5.0000	-0.4000	34	42	44	71	102	108	73	70	55	56	51	40	746	3.0167	11.8333	35.7503	766.1246	20.1000	-13.0000	33.1000	9.8833	-6.7167	11.9333	-6.7167	746.0000	108.0000	34.0000	38.1266	283.0000	116.0000	251.0000	116.0000	0
13	13	44.1483	40.6085	2431.0000	-14.4000	-13.7000	-9.4000	-3.9000	0.2000	3.0000	6.4000	6.4000	2.5000	-1.5000	-5.8000	-10.8000	-4.0000	-3.5000	-0.1000	6.4000	11.4000	15.9000	20.0000	20.5000	17.4000	11.4000	4.3000	-1.5000	23	30	39	63	99	86	54	47	34	46	36	25	582	2.3833	11.6000	33.2378	828.2164	20.5000	-14.4000	34.9000	5.5000	-7.9833	12.2000	-7.9833	582.0000	99.0000	23.0000	48.9782	248.0000	78.0000	135.0000	78.0000	0
14	14	46.2070	38.4518	2264.0000	-10.5000	-9.5000	-5.7000	-0.3000	3.6000	7.2000	11.4000	10.5000	6.8000	2.2000	-2.7000	-7.8000	-1.6000	-0.5000	3.9000	10.5000	16.1000	21.6000	25.0000	25.5000	22.0000	15.2000	7.0000	0.4000	23	27	49	65	70	33	14	13	13	34	29	26	396	6.2625	11.6583	32.3843	893.8073	25.5000	-10.5000	36.0000	4.6833	16.8667	16.8667	-4.9167	396.0000	70.0000	13.0000	57.8722	184.0000	40.0000	60.0000	76.0000	0
15	15	47.0893	39.6282	465.0000	-2.0000	-1.3000	1.6000	7.4000	11.8000	16.1000	19.1000	18.0000	14.9000	10.0000	4.7000	0.4000	5.4000	6.2000	9.9000	17.2000	21.3000	26.3000	29.4000	29.9000	24.5000	19.1000	12.5000	7.8000	22	27	37	50	69	53	22	22	28	43	32	26	431	12.9250	9.0667	28.4222	833.4744	29.9000	-2.0000	31.9000	16.6833	22.6333	23.1333	2.7500	431.0000	69.0000	22.0000	41.7458	172.0000	72.0000	97.0000	75.0000	0
16	16	48.1677	40.7065	713.0000	-3.5000	-2.7000	0.5000	6.1000	10.7000	14.8000	17.6000	16.8000	13.2000	8.0000	3.4000	-1.3000	4.1000	4.5000	8.5000	16.7000	21.0000	25.6000	29.3000	28.5000	24.1000	17.3000	11.1000	6.5000	35	42	60	63	70	65	31	28	41	67	43	38	583	11.7000	9.4667	28.8618	851.6214	29.3000	-3.5000	32.8000	15.8167	21.5833	22.1000	1.2667	583.0000	70.0000	28.0000	31.4429	198.0000	100.0000	124.0000	115.0000	0
17	17	48.1677	41.4908	830.0000	-5.0000	-4.2000	-0.6000	4.7000	9.8000	13.6000	16.6000	15.7000	12.0000	6.7000	2.3000	-2.2000	2.9000	2.8000	6.7000	14.4000	18.8000	23.3000	26.7000	25.8000	21.8000	15.3000	9.6000	5.3000	24	29	37	48	62	52	38	37	51	60	38	29	505	10.1167	8.6667	27.3396	832.5900	26.7000	-5.0000	31.7000	14.1000	-0.0667	20.2833	-0.0667	505.0000	62.0000	24.0000	29.4092	162.0000	82.0000	127.0000	82.0000	0
18	18	47.3834	38.4518	1329.0000	-5.4000	-4.6000	-1.8000	3.6000	7.7000	11.9000	15.1000	13.4000	11.4000	6.5000	1.8000	-2.6000	3.3000	4.1000	7.6000	14.6000	19.6000	25.0000	27.7000	31.4000	24.2000	19.6000	11.0000	5.7000	29	29	42	45	57	27	12	15	23	39	31	29	378	10.4500	11.4000	30.9783	852.2190	31.4000	-5.4000	36.8000	8.5500	20.5333	20.7500	0.0833	378.0000	57.0000	12.0000	40.1901	144.0000	50.0000	54.0000	87.0000	0
19	19	50.8146	34.4324	1337.0000	-4.2000	-2.2000	3.7000	8.2000	13.2000	17.9000	21.1000	19.7000	14.6000	10.4000	4.4000	0.3000	6.2000	9.3000	16.2000	22.0000	29.4000	34.5000	37.9000	36.9000	31.8000	25.4000	16.7000	11.0000	28	18	22	16	12	1	0	0	0	5	16	15	133	16.0167	14.1833	33.6896	988.7350	37.9000	-4.2000	42.1000	4.8333	27.0000	28.0000	3.4000	133.0000	28.0000	0.0000	87.0919	68.0000	0.0000	1.0000	61.0000	0
20	20	51.7949	36.2950	2391.0000	-10.4000	-7.8000	-3.8000	1.0000	6.8000	10.4000	13.4000	13.1000	8.3000	3.3000	-2.3000	-6.9000	0.3000	3.0000	8.0000	14.6000	21.8000	27.0000	29.8000	29.3000	25.1000	18.3000	9.8000	3.6000	25	27	34	37	26	7	5	3	2	8	13	19	206	8.9875	13.7917	34.3076	958.0784	29.8000	-10.4000	40.2000	2.5000	19.8333	20.5000	-3.0333	206.0000	37.0000	2.0000	72.4102	98.0000	10.0000	15.0000	71.0000	0
21	21	53.1674	36.2950	513.0000	2.3000	2.6000	3.5000	7.1000	15.0000	16.0000	19.4000	19.8000	15.5000	12.4000	7.2000	3.8000	12.0000	12.5000	13.6000	17.6000	26.2000	28.6000	30.3000	31.1000	27.0000	24.0000	18.5000	14.1000	67	56	58	55	27	18	16	19	34	48	60	70	528	15.8375	10.9083	37.8762	699.8283	31.1000	2.3000	28.8000	9.6500	24.2000	24.2000	7.7500	528.0000	70.0000	16.0000	45.5165	197.0000	53.0000	53.0000	181.0000	0
22	22	52.9713	28.1583	620.0000	7.4000	8.3000	11.1000	14.2000	19.1000	22.6000	25.8000	25.8000	23.0000	19.2000	13.9000	10.0000	18.1000	18.9000	23.1000	26.2000	32.5000	35.9000	38.0000	38.0000	35.9000	32.4000	26.5000	21.2000	51	46	17	14	0	0	0	0	0	3	17	39	187	22.7958	12.1917	39.8420	708.9924	38.0000	7.4000	30.6000	13.9833	28.9833	31.0833	13.9833	187.0000	51.0000	0.0000	123.9942	136.0000	0.0000	0.0000	136.0000	0
23	23	54.4418	40.1183	167.0000	-2.7000	-1.7000	2.9000	9.5000	15.7000	20.5000	23.8000	23.3000	17.2000	9.8000	4.2000	0.1000	5.5000	7.5000	13.3000	21.9000	29.1000	33.9000	36.9000	36.1000	30.4000	21.4000	13.9000	7.6000	10	12	20	18	15	4	6	2	3	10	14	14	128	15.8375	11.2417	28.3880	1071.9102	36.9000	-2.7000	39.6000	15.4000	27.9500	29.0833	2.7167	128.0000	20.0000	2.0000	55.4392	53.0000	11.0000	12.0000	36.0000	0
24	24	59.6376	38.3537	120.0000	-3.8000	-1.6000	3.4000	9.8000	15.1000	19.6000	22.3000	19.8000	14.5000	8.3000	3.0000	-0.2000	6.3000	9.0000	15.2000	23.2000	29.7000	35.3000	37.8000	36.1000	31.2000	23.5000	15.7000	9.0000	19	16	31	28	19	3	1	1	2	8	14	17	159	15.9250	13.4833	32.4119	1023.3224	37.8000	-3.8000	41.6000	16.0667	26.9500	28.4833	3.1167	159.0000	31.0000	1.0000	78.1762	78.0000	4.0000	5.0000	52.0000	0
25	25	60.2258	37.2754	192.0000	-3.1000	-1.5000	2.9000	8.6000	14.4000	18.4000	21.5000	19.2000	14.5000	9.0000	3.1000	0.0000	7.8000	9.3000	15.0000	22.2000	29.3000	34.4000	37.3000	35.8000	31.5000	24.8000	16.7000	10.2000	25	20	38	30	18	2	0	0	2	8	14	19	176	15.8875	13.9417	34.5091	973.5902	37.3000	-3.1000	40.4000	9.4167	27.7667	27.7667	3.7833	176.0000	38.0000	0.0000	85.7689	88.0000	2.0000	2.0000	64.0000	0
26	26	48.5598	47.1767	-18.0000	-11.1000	-11.0000	-5.1000	4.5000	11.6000	16.3000	18.6000	16.7000	10.7000	3.6000	-1.8000	-6.5000	-3.0000	-2.4000	4.3000	16.9000	24.5000	29.1000	31.6000	30.4000	24.0000	14.8000	5.8000	0.2000	14	11	14	17	20	22	19	19	18	18	18	17	207	9.2792	10.8083	25.3123	1206.5342	31.6000	-11.1000	42.7000	21.9500	-4.7167	23.7833	-5.6333	207.0000	22.0000	11.0000	17.3253	61.0000	39.0000	60.0000	42.0000	0
27	27	48.0329	55.4483	169.0000	-16.5000	-15.5000	-9.1000	0.6000	7.7000	12.0000	14.1000	12.1000	6.7000	0.3000	-6.7000	-12.7000	-9.5000	-8.3000	-1.9000	9.0000	18.6000	22.8000	24.5000	22.5000	15.7000	6.7000	-1.4000	-6.3000	32	25	23	38	39	69	71	60	57	52	44	35	545	3.5583	8.2833	20.2033	1207.4632	24.5000	-16.5000	41.0000	18.0000	-10.1333	18.0000	-11.4667	545.0000	71.0000	23.0000	35.7935	200.0000	80.0000	200.0000	92.0000	0
28	28	51.3415	53.6102	182.0000	-17.4000	-16.9000	-9.9000	0.9000	8.2000	12.6000	14.8000	12.8000	7.3000	0.4000	-6.6000	-13.0000	-10.0000	-8.8000	-2.1000	10.5000	20.3000	24.1000	25.8000	24.0000	17.5000	7.6000	-1.3000	-6.6000	44	31	30	36	33	63	64	45	49	55	51	47	548	3.9250	8.9833	20.7948	1282.1404	25.8000	-17.4000	43.2000	19.0167	-4.3833	19.0167	-12.1167	548.0000	64.0000	30.0000	25.4230	172.0000	97.0000	172.0000	122.0000	0
29	29	49.9445	52.3602	42.0000	-16.2000	-16.1000	-9.2000	2.1000	9.4000	13.9000	16.0000	14.2000	8.4000	1.4000	-5.4000	-11.5000	-8.8000	-8.0000	-1.5000	12.2000	21.8000	25.9000	27.5000	25.9000	19.3000	9.2000	0.1000	-5.3000	39	27	26	29	26	52	50	40	41	40	46	42	458	5.2208	9.2750	21.2243	1302.4600	27.5000	-16.2000	43.7000	20.5667	5.8000	20.5667	-10.9833	458.0000	52.0000	26.0000	24.0611	142.0000	81.0000	142.0000	108.0000	0
30	30	54.9442	51.9191	141.0000	-18.0000	-17.9000	-10.5000	1.1000	8.2000	12.9000	15.3000	13.0000	7.5000	0.3000	-6.6000	-13.6000	-9.8000	-8.7000	-1.7000	12.4000	22.1000	26.3000	28.4000	26.6000	20.2000	9.4000	0.0000	-6.1000	29	21	21	25	29	42	42	31	34	38	36	35	383	4.6167	10.6167	22.8807	1349.5830	28.4000	-18.0000	46.4000	20.4167	-4.2167	20.4167	-12.3500	383.0000	42.0000	21.0000	22.6511	115.0000	67.0000	115.0000	85.0000	0
31	31	55.6795	55.6689	150.0000	-19.1000	-18.4000	-11.5000	-0.7000	6.0000	10.8000	13.1000	10.6000	5.8000	-0.5000	-8.5000	-15.1000	-10.5000	-8.4000	-1.1000	9.8000	19.1000	23.4000	25.0000	22.4000	16.2000	6.4000	-2.1000	-7.3000	43	30	26	36	40	64	67	61	57	59	52	44	579	2.7250	10.0333	22.7513	1257.0465	25.0000	-19.1000	44.1000	17.5500	-5.0500	17.5500	-13.1333	579.0000	67.0000	26.0000	28.3639	192.0000	92.0000	192.0000	117.0000	0
32	32	52.3709	47.2135	-24.0000	-12.5000	-12.9000	-5.6000	4.8000	12.2000	17.0000	19.4000	17.5000	11.0000	3.2000	-2.7000	-7.9000	-4.5000	-4.0000	3.5000	17.5000	25.9000	30.7000	33.1000	31.5000	24.4000	14.2000	5.2000	-1.1000	11	10	12	13	14	16	14	14	11	15	17	14	161	9.1625	11.0750	24.0761	1312.0042	33.1000	-12.9000	46.0000	1.8167	-6.0000	24.8667	-7.1500	161.0000	17.0000	10.0000	15.7176	46.0000	33.0000	44.0000	35.0000	0
33	33	56.0471	47.9487	153.0000	-16.1000	-16.6000	-9.1000	2.6000	10.2000	15.3000	18.1000	15.6000	8.9000	0.8000	-5.1000	-11.0000	-7.4000	-6.8000	0.5000	15.3000	24.6000	30.0000	32.5000	30.5000	23.2000	12.2000	2.9000	-4.0000	18	14	14	23	18	16	15	13	13	20	21	22	207	6.9625	11.6583	23.7441	1393.5943	32.5000	-16.6000	49.1000	-0.7000	21.4667	23.6667	-10.3167	207.0000	23.0000	13.0000	20.8469	63.0000	41.0000	44.0000	54.0000	0
34	34	62.6643	50.3751	158.0000	-20.8000	-20.4000	-13.2000	1.1000	9.1000	14.6000	17.1000	14.5000	8.4000	0.1000	-8.0000	-16.0000	-11.7000	-10.8000	-3.8000	12.4000	22.7000	28.4000	30.2000	27.7000	21.5000	10.3000	0.0000	-7.7000	14	11	13	21	19	25	26	24	18	24	21	20	236	4.4042	11.0583	21.6830	1513.2843	30.2000	-20.8000	51.0000	22.0833	-13.4500	22.0833	-14.5667	236.0000	26.0000	11.0000	24.9415	75.0000	38.0000	75.0000	45.0000	0
35	35	64.5025	49.6398	168.0000	-16.8000	-16.4000	-8.8000	3.4000	10.8000	16.2000	18.7000	16.1000	9.7000	1.6000	-5.7000	-12.6000	-8.5000	-7.3000	-0.1000	14.3000	23.8000	29.5000	31.4000	28.9000	22.5000	11.5000	1.7000	-4.9000	15	11	12	20	16	19	18	19	16	24	20	20	210	6.6250	10.5500	21.8880	1417.3350	31.4000	-16.8000	48.2000	-1.4000	-9.6500	23.4667	-11.0833	210.0000	24.0000	11.0000	21.0309	64.0000	38.0000	56.0000	46.0000	0
36	36	62.9584	48.7575	120.0000	-19.2000	-18.9000	-11.3000	2.6000	10.5000	16.1000	18.7000	16.0000	9.5000	1.1000	-6.5000	-14.2000	-10.6000	-9.7000	-2.4000	14.0000	23.8000	29.8000	31.9000	29.3000	22.8000	11.5000	1.2000	-6.5000	12	10	13	19	15	17	15	15	13	21	19	19	188	5.8125	10.8917	21.3144	1515.2214	31.9000	-19.2000	51.1000	-2.2333	-12.0167	23.6333	-13.1833	188.0000	21.0000	10.0000	21.4883	59.0000	35.0000	47.0000	41.0000	0
37	37	65.9730	41.6991	225.0000	-5.7000	-3.5000	2.1000	9.6000	14.9000	19.5000	22.1000	19.4000	13.5000	6.3000	0.9000	-2.8000	2.7000	5.7000	13.0000	22.2000	28.8000	34.4000	36.8000	34.7000	29.0000	20.3000	12.0000	5.6000	26	23	32	31	18	3	3	0	2	12	19	25	194	14.2292	12.4083	29.1961	1111.2594	36.8000	-5.7000	42.5000	8.1833	25.9167	27.8167	0.3333	194.0000	32.0000	0.0000	72.9427	86.0000	5.0000	6.0000	74.0000	0
38	38	67.8111	47.7282	338.0000	-18.6000	-18.4000	-10.6000	1.3000	8.0000	13.3000	16.1000	13.1000	7.0000	-0.6000	-8.1000	-14.6000	-10.0000	-8.9000	-1.4000	13.6000	22.6000	28.3000	30.6000	27.9000	21.9000	11.1000	0.7000	-6.4000	18	13	17	18	19	11	13	13	11	19	15	16	183	4.9125	11.8417	24.0684	1409.4585	30.6000	-18.6000	49.2000	5.5833	21.5500	21.5500	-12.8167	183.0000	19.0000	11.0000	19.5975	54.0000	37.0000	37.0000	47.0000	0
39	39	68.8404	50.6692	329.0000	-21.5000	-21.6000	-14.4000	-1.0000	6.1000	11.5000	14.2000	11.2000	5.4000	-2.0000	-10.8000	-17.6000	-12.0000	-11.3000	-4.5000	10.2000	20.4000	26.1000	28.1000	25.6000	19.9000	8.7000	-2.1000	-8.6000	19	13	14	20	29	25	41	27	20	26	19	19	272	2.5000	11.7500	23.6419	1441.5806	28.1000	-21.6000	49.7000	17.7333	-14.2167	19.4500	-15.4333	272.0000	41.0000	13.0000	33.5111	95.0000	46.0000	93.0000	51.0000	0
40	40	72.1491	48.8310	529.0000	-19.7000	-19.9000	-12.3000	-0.3000	6.7000	12.3000	14.9000	12.2000	6.3000	-1.3000	-9.6000	-16.2000	-10.1000	-9.4000	-2.2000	11.8000	20.8000	26.5000	28.5000	25.9000	20.3000	9.6000	-0.7000	-7.3000	17	14	15	20	29	23	28	21	11	22	19	19	238	3.6167	11.7167	24.2080	1389.3120	28.5000	-19.9000	48.4000	18.2833	-12.2667	20.0500	-13.7667	238.0000	29.0000	11.0000	26.8382	80.0000	46.0000	72.0000	50.0000	0
41	41	75.8988	49.1251	1022.0000	-22.5000	-22.9000	-14.8000	-2.9000	4.5000	10.2000	12.7000	9.9000	3.9000	-3.3000	-11.7000	-18.5000	-13.9000	-13.3000	-5.9000	7.7000	16.4000	22.1000	24.3000	22.0000	16.3000	6.0000	-4.0000	-10.4000	12	12	13	23	41	37	50	32	24	27	19	14	304	0.4958	10.2250	21.6631	1384.8916	24.3000	-22.9000	47.2000	15.0333	-15.5500	16.8667	-16.9167	304.0000	50.0000	12.0000	49.3696	128.0000	37.0000	119.0000	38.0000	0
42	42	68.2522	39.7139	1769.0000	-8.9000	-7.3000	-2.2000	3.5000	7.1000	10.7000	12.8000	11.2000	6.2000	1.5000	-2.6000	-5.8000	0.1000	1.5000	6.6000	14.0000	19.3000	25.0000	28.1000	27.1000	22.3000	15.0000	7.7000	2.4000	71	67	107	112	84	16	9	3	7	47	46	67	636	8.1375	11.9083	32.1847	890.7865	28.1000	-8.9000	37.0000	8.0500	17.9500	19.1500	-3.0000	636.0000	112.0000	3.0000	72.1391	303.0000	19.0000	28.0000	205.0000	0
43	43	69.9433	41.8462	1930.0000	-13.4000	-11.8000	-5.9000	0.8000	5.0000	8.8000	11.0000	9.0000	3.9000	-1.4000	-6.2000	-10.1000	-4.8000	-3.1000	2.9000	11.6000	17.4000	23.0000	26.2000	25.0000	19.7000	11.4000	3.4000	-2.2000	69	63	103	114	100	33	21	11	15	64	67	75	735	5.0083	11.7333	29.6296	997.8314	26.2000	-13.4000	39.6000	5.3000	15.8000	17.1667	-7.5667	735.0000	114.0000	11.0000	56.9884	317.0000	47.0000	65.0000	207.0000	0
44	44	69.3551	39.0522	3112.0000	-16.9000	-14.8000	-9.3000	-3.2000	0.0000	3.3000	5.8000	4.7000	-0.1000	-4.2000	-8.6000	-12.3000	-7.4000	-6.6000	-1.9000	5.5000	10.4000	16.1000	20.1000	19.7000	14.9000	7.6000	0.3000	-4.8000	99	107	167	164	148	35	19	8	11	64	70	99	991	0.7625	10.7917	29.1667	891.1003	20.1000	-16.9000	37.0000	0.2500	10.8500	11.6167	-10.4667	991.0000	167.0000	8.0000	69.9115	479.0000	38.0000	62.0000	305.0000	0
45	45	68.9875	35.0819	2389.0000	-9.7000	-8.2000	-1.8000	3.1000	5.4000	10.7000	12.5000	11.8000	7.9000	2.6000	-2.1000	-6.4000	1.1000	1.1000	7.9000	12.8000	16.8000	23.4000	25.4000	24.8000	21.7000	15.6000	9.3000	3.1000	60	94	138	145	45	2	5	0	1	16	35	57	598	7.8667	11.4333	32.5736	845.5346	25.4000	-9.7000	35.1000	2.4833	17.3500	18.1000	-3.1667	598.0000	145.0000	0.0000	103.9007	377.0000	6.0000	7.0000	211.0000	0
46	46	73.0314	37.7288	3961.0000	-20.8000	-18.9000	-12.0000	-5.2000	-1.5000	2.3000	5.1000	5.1000	0.3000	-5.0000	-10.5000	-15.9000	-12.1000	-10.7000	-5.1000	2.8000	7.9000	13.5000	17.8000	17.8000	12.8000	5.8000	-1.9000	-8.6000	23	23	34	34	35	18	12	8	7	14	11	23	242	-1.5417	9.7500	25.2591	1000.9469	17.8000	-20.8000	38.6000	-2.1833	9.8167	10.2667	-14.5000	242.0000	35.0000	7.0000	50.5172	103.0000	27.0000	38.0000	69.0000	0
47	47	72.5167	39.7875	4454.0000	-26.7000	-24.7000	-17.7000	-10.3000	-6.5000	-3.2000	-0.3000	-0.8000	-5.7000	-10.7000	-16.1000	-21.5000	-17.7000	-16.7000	-11.2000	-2.3000	2.7000	8.0000	12.6000	12.6000	7.5000	-0.1000	-8.1000	-14.2000	63	64	104	93	112	62	45	23	23	58	65	75	787	-7.1292	9.7750	24.8728	1016.6466	12.6000	-26.7000	39.3000	-7.5500	4.3167	4.8167	-20.2500	787.0000	112.0000	23.0000	42.6366	309.0000	91.0000	130.0000	202.0000	0
48	48	71.5609	40.3021	621.0000	-4.8000	-2.7000	3.4000	9.8000	14.0000	17.5000	19.4000	17.3000	12.3000	6.9000	1.4000	-2.4000	2.9000	5.8000	13.1000	21.8000	27.3000	32.3000	34.4000	32.8000	28.2000	20.4000	11.5000	5.0000	25	28	32	27	25	10	5	1	3	23	20	23	222	13.6500	11.9500	30.4847	1010.1125	34.4000	-4.8000	39.2000	8.5333	24.0667	25.6167	0.6333	222.0000	32.0000	1.0000	58.1495	87.0000	9.0000	16.0000	76.0000	0
49	49	72.6637	40.7433	671.0000	-6.8000	-4.3000	2.4000	9.2000	13.8000	17.3000	18.7000	16.6000	11.5000	5.8000	0.2000	-3.8000	2.3000	5.3000	13.4000	22.0000	27.4000	32.4000	33.7000	32.0000	27.7000	20.4000	11.9000	4.6000	32	40	46	42	35	13	9	4	6	33	28	31	319	13.0708	12.7083	31.3786	1032.3263	33.7000	-6.8000	40.5000	8.0000	23.3667	25.1167	-0.4500	319.0000	46.0000	4.0000	55.3899	128.0000	19.0000	26.0000	103.0000	0
50	50	73.3255	41.4785	2866.0000	-20.5000	-18.5000	-11.0000	-3.3000	0.9000	4.1000	6.5000	5.4000	0.6000	-4.8000	-10.8000	-16.4000	-11.0000	-9.4000	-2.6000	6.8000	11.9000	16.8000	20.5000	19.9000	14.9000	7.1000	-1.5000	-8.1000	31	35	60	78	92	63	41	24	22	46	40	37	569	-0.1042	11.0917	27.0528	1058.9627	20.5000	-20.5000	41.0000	6.2000	11.3000	12.2000	-13.9833	569.0000	92.0000	22.0000	45.6279	233.0000	87.0000	128.0000	103.0000	0
51	51	76.5606	41.6991	2874.0000	-23.7000	-21.3000	-12.1000	-3.5000	1.0000	3.8000	6.3000	5.7000	1.4000	-4.5000	-12.2000	-19.8000	-13.3000	-11.1000	-3.2000	7.2000	12.0000	16.0000	19.5000	19.5000	14.7000	7.1000	-2.7000	-10.1000	5	7	14	21	41	51	42	33	20	13	8	6	261	-0.9708	11.2083	25.9452	1154.5374	19.5000	-23.7000	43.2000	9.7667	-16.5500	11.8000	-16.5500	261.0000	51.0000	5.0000	73.8533	134.0000	18.0000	126.0000	18.0000	0
52	52	76.9282	37.5082	2531.0000	-15.9000	-12.0000	-4.4000	2.5000	6.8000	10.5000	13.4000	12.6000	7.5000	0.3000	-6.6000	-12.8000	-4.8000	-0.9000	6.8000	14.9000	19.8000	24.4000	27.6000	26.8000	21.9000	14.8000	5.9000	-2.1000	1	1	3	3	8	4	5	6	3	1	0	1	36	6.5417	12.7667	29.3487	1099.9108	27.6000	-15.9000	43.5000	17.0833	-0.0833	19.2167	-8.0833	36.0000	8.0000	0.0000	80.4030	17.0000	2.0000	15.0000	3.0000	0
53	53	78.2516	35.1554	5428.0000	-28.2000	-25.9000	-20.3000	-14.0000	-9.9000	-5.3000	-1.0000	-1.3000	-6.3000	-13.6000	-19.9000	-24.9000	-16.6000	-14.8000	-9.9000	-3.2000	2.1000	7.7000	12.5000	12.2000	7.6000	0.0000	-6.8000	-12.6000	1	2	2	4	7	7	12	19	5	2	1	4	66	-8.0167	12.4000	30.4668	1001.1410	12.5000	-28.2000	40.7000	4.1333	-19.2833	4.1333	-20.5000	66.0000	19.0000	1.0000	96.6766	38.0000	5.0000	38.0000	7.0000	0
54	54	77.1488	34.2731	3569.0000	-15.7000	-13.7000	-7.9000	-1.8000	2.7000	6.5000	10.3000	9.7000	5.5000	-0.9000	-6.8000	-12.0000	-5.7000	-2.6000	2.8000	9.5000	15.4000	19.7000	23.5000	23.0000	19.4000	12.7000	5.8000	-1.0000	16	16	19	11	11	5	14	12	12	4	3	9	132	4.1000	12.2167	31.1650	972.0059	23.5000	-15.7000	39.2000	-7.1333	-0.3667	15.4500	-8.4500	132.0000	19.0000	3.0000	45.7018	51.0000	16.0000	31.0000	41.0000	0
55	55	78.4722	33.0967	5694.0000	-26.3000	-24.4000	-20.0000	-14.5000	-10.7000	-5.9000	-2.0000	-2.2000	-6.8000	-13.9000	-19.5000	-23.6000	-14.2000	-13.2000	-9.6000	-3.9000	1.2000	6.7000	10.3000	9.8000	6.0000	-0.8000	-6.1000	-10.5000	11	11	11	11	13	11	32	43	19	10	5	9	186	-8.0875	12.1250	33.1284	876.6676	10.3000	-26.3000	36.6000	2.5167	-12.4000	2.7833	-18.7000	186.0000	43.0000	5.0000	70.9677	94.0000	24.0000	86.0000	31.0000	0
56	56	67.8846	42.5814	198.0000	-6.3000	-4.4000	1.6000	8.7000	13.8000	17.9000	20.1000	17.6000	11.8000	4.8000	-0.3000	-3.8000	2.3000	5.2000	12.8000	21.8000	28.4000	34.0000	36.6000	34.8000	29.1000	20.3000	11.5000	4.7000	29	30	38	38	25	6	3	1	2	17	27	36	252	13.4583	13.3333	31.0800	1100.0348	36.6000	-6.3000	42.9000	7.6167	25.0000	26.8333	-0.3833	252.0000	38.0000	1.0000	69.2451	106.0000	6.0000	10.0000	95.0000	0
57	57	82.3690	40.9639	977.0000	-14.7000	-9.4000	0.0000	7.6000	13.2000	16.8000	18.3000	17.2000	11.6000	3.4000	-4.5000	-11.8000	0.1000	6.4000	15.7000	23.6000	29.0000	32.6000	33.7000	32.9000	28.4000	21.0000	10.1000	1.3000	1	1	2	2	5	10	11	8	4	3	1	1	49	11.7708	15.5917	32.2142	1221.3768	33.7000	-14.7000	48.4000	25.2500	-3.2500	25.2500	-4.6833	49.0000	11.0000	1.0000	89.5003	29.0000	3.0000	29.0000	3.0000	0
58	58	79.7221	49.1251	504.0000	-20.9000	-21.3000	-12.9000	-1.0000	5.9000	11.3000	13.7000	10.5000	4.5000	-1.7000	-9.9000	-17.2000	-11.6000	-10.6000	-2.7000	11.4000	20.1000	25.6000	27.8000	25.7000	20.0000	9.7000	-1.1000	-8.5000	18	16	16	21	34	28	42	22	19	29	27	22	294	2.7833	12.0667	24.5757	1395.5747	27.8000	-21.3000	49.1000	17.4000	-13.3333	19.1000	-15.0167	294.0000	42.0000	16.0000	32.0208	104.0000	50.0000	92.0000	56.0000	0
59	59	81.7073	48.3164	800.0000	-24.4000	-23.9000	-14.6000	-2.8000	4.4000	9.6000	12.1000	9.6000	3.6000	-3.5000	-12.7000	-20.3000	-14.1000	-12.6000	-4.3000	9.8000	18.7000	23.9000	26.3000	24.8000	19.1000	8.6000	-3.4000	-10.9000	29	26	20	28	41	33	43	22	22	35	42	37	378	0.9583	12.4000	24.4576	1451.0464	26.3000	-24.4000	50.7000	15.8333	-8.0667	17.7167	-17.7000	378.0000	43.0000	20.0000	26.0205	117.0000	74.0000	98.0000	92.0000	0
60	60	82.8837	47.8752	458.0000	-21.7000	-20.8000	-11.5000	0.0000	7.4000	12.5000	14.8000	12.7000	7.0000	-0.6000	-10.1000	-18.0000	-10.7000	-8.9000	-0.6000	13.1000	21.6000	26.7000	28.9000	27.6000	22.0000	11.6000	-0.5000	-8.1000	23	21	18	27	34	28	35	19	18	32	38	31	324	3.9333	12.5833	24.8682	1443.9723	28.9000	-21.7000	50.6000	-4.2833	-12.3667	20.5333	-14.7000	324.0000	38.0000	18.0000	26.2842	101.0000	62.0000	82.0000	75.0000	0
61	61	84.5748	47.1400	1167.0000	-21.6000	-20.4000	-12.0000	-1.4000	5.8000	11.2000	13.5000	11.8000	6.2000	-1.8000	-11.3000	-18.4000	-11.5000	-9.7000	-1.5000	11.0000	18.7000	23.7000	25.9000	24.7000	19.3000	9.7000	-1.7000	-9.0000	9	8	14	25	37	38	50	29	26	25	19	14	294	2.5500	11.5000	24.2105	1373.3833	25.9000	-21.6000	47.5000	16.4667	-12.7833	18.4667	-15.1000	294.0000	50.0000	8.0000	51.8486	125.0000	31.0000	117.0000	31.0000	0
62	62	84.3542	52.8749	207.0000	-19.4000	-19.9000	-12.6000	-2.2000	5.4000	11.4000	13.6000	10.8000	5.3000	-1.6000	-10.7000	-17.9000	-9.3000	-8.3000	-0.9000	9.4000	19.2000	24.8000	26.4000	23.4000	17.9000	7.9000	-2.2000	-8.5000	27	27	24	32	48	50	62	56	39	53	41	32	491	2.5833	11.4667	24.7660	1319.3685	26.4000	-19.9000	46.3000	18.4000	-11.7333	18.4000	-13.8833	491.0000	62.0000	24.0000	31.1498	168.0000	78.0000	168.0000	86.0000	0
63	63	84.7954	48.5369	1037.0000	-21.4000	-21.0000	-13.4000	-2.7000	4.7000	10.2000	12.5000	10.5000	5.0000	-2.4000	-11.9000	-18.8000	-11.6000	-10.2000	-3.0000	9.5000	17.8000	22.7000	24.8000	23.3000	18.0000	8.4000	-2.9000	-9.7000	13	13	14	29	47	39	49	34	35	36	28	19	356	1.6000	11.3167	24.4949	1346.1595	24.8000	-21.4000	46.2000	15.4500	-13.4333	17.3333	-15.4500	356.0000	49.0000	13.0000	42.7181	135.0000	40.0000	122.0000	45.0000	0
64	64	88.0305	48.3899	2073.0000	-24.2000	-22.8000	-16.1000	-6.0000	0.8000	6.0000	7.7000	6.2000	0.7000	-6.3000	-15.2000	-21.8000	-13.0000	-10.6000	-4.4000	5.8000	13.0000	18.3000	19.8000	18.6000	13.1000	4.3000	-5.2000	-11.4000	6	5	6	13	21	31	43	31	22	14	11	10	213	-1.7792	11.6083	26.3826	1227.7853	19.8000	-24.2000	44.0000	12.7667	-15.1833	12.7667	-17.3000	213.0000	43.0000	5.0000	67.9091	105.0000	17.0000	105.0000	21.0000	0
65	65	88.7657	47.5811	1039.0000	-23.8000	-22.3000	-12.6000	-0.3000	6.4000	11.5000	13.4000	11.6000	5.9000	-1.2000	-11.4000	-20.7000	-11.1000	-8.1000	0.2000	12.6000	20.4000	25.5000	26.9000	25.7000	20.0000	10.9000	-0.4000	-9.1000	7	6	7	11	15	18	26	16	15	12	13	12	158	2.9167	13.0833	25.8054	1424.9152	26.9000	-23.8000	50.7000	19.1000	-12.9500	19.1000	-15.8500	158.0000	26.0000	6.0000	42.0796	60.0000	20.0000	60.0000	25.0000	0
66	66	89.9421	48.5369	2332.0000	-25.7000	-23.7000	-16.5000	-7.3000	0.3000	5.8000	7.5000	5.7000	-0.2000	-7.6000	-16.8000	-23.4000	-13.4000	-9.6000	-2.3000	6.0000	12.9000	18.3000	19.4000	18.1000	12.3000	3.9000	-5.4000	-12.0000	1	0	2	6	12	26	35	23	14	6	2	2	129	-2.2375	12.5083	27.7347	1234.3311	19.4000	-25.7000	45.1000	12.4667	-15.2000	12.4667	-17.9667	129.0000	35.0000	0.0000	107.4720	84.0000	3.0000	84.0000	3.0000	0
67	67	91.8538	47.2135	2347.0000	-29.6000	-26.6000	-16.1000	-5.9000	1.3000	7.6000	9.0000	6.9000	0.6000	-7.5000	-18.1000	-26.7000	-15.5000	-11.8000	-1.7000	7.7000	14.8000	20.4000	21.1000	19.9000	14.1000	5.5000	-5.0000	-13.5000	2	1	3	9	14	25	39	29	14	6	4	2	148	-2.0458	13.4250	26.4793	1403.3199	21.1000	-29.6000	50.7000	14.1500	-20.6167	14.1500	-20.6167	148.0000	39.0000	1.0000	100.9353	93.0000	5.0000	93.0000	5.0000	0
68	68	92.5890	48.7575	1261.0000	-33.2000	-30.3000	-18.6000	-4.6000	4.1000	10.3000	12.4000	10.1000	3.5000	-5.1000	-16.8000	-28.7000	-20.7000	-16.3000	-3.8000	9.2000	19.0000	24.4000	25.0000	23.5000	17.7000	8.1000	-4.4000	-17.2000	1	0	2	5	7	21	37	24	11	4	3	2	117	-1.3500	13.4500	23.1100	1705.0940	25.0000	-33.2000	58.2000	17.6167	-20.4833	17.6167	-24.4000	117.0000	37.0000	0.0000	118.7366	82.0000	3.0000	82.0000	3.0000	0
69	69	91.9273	49.4928	1843.0000	-32.5000	-30.5000	-20.8000	-8.5000	0.1000	6.5000	8.5000	6.2000	-0.4000	-8.4000	-18.5000	-29.0000	-20.4000	-16.8000	-6.0000	4.9000	14.4000	19.9000	20.5000	18.9000	13.0000	3.9000	-6.9000	-17.9000	2	1	4	8	10	32	53	35	18	6	4	3	176	-4.1583	12.9000	24.3396	1532.8892	20.5000	-32.5000	53.0000	13.4167	-24.5167	13.4167	-24.5167	176.0000	53.0000	1.0000	113.4710	120.0000	6.0000	120.0000	6.0000	0
70	70	94.1330	50.6692	858.0000	-35.4000	-34.3000	-23.7000	-6.4000	3.0000	8.8000	11.6000	9.3000	3.0000	-5.6000	-18.3000	-30.4000	-24.1000	-21.1000	-9.4000	6.5000	18.6000	24.1000	25.0000	23.2000	17.3000	7.0000	-6.5000	-19.8000	8	6	10	21	26	43	69	52	34	21	17	12	319	-3.2333	13.2667	21.9647	1827.6367	25.0000	-35.4000	60.4000	17.0000	-24.6667	17.0000	-27.5167	319.0000	69.0000	6.0000	73.3382	164.0000	24.0000	164.0000	26.0000	0
71	71	95.3830	50.3751	1464.0000	-37.5000	-36.5000	-26.5000	-9.8000	-0.6000	5.1000	7.9000	5.8000	-0.8000	-9.2000	-22.7000	-33.4000	-25.6000	-22.4000	-10.9000	3.7000	15.2000	20.9000	21.7000	20.1000	14.3000	4.2000	-9.3000	-21.4000	6	5	8	18	22	43	72	56	31	17	12	10	300	-6.1542	14.0583	23.7472	1767.0770	21.7000	-37.5000	59.2000	13.5833	-26.5667	13.5833	-29.4667	300.0000	72.0000	5.0000	86.0951	171.0000	19.0000	171.0000	21.0000	0
72	72	93.9125	48.3164	1352.0000	-33.2000	-29.8000	-17.9000	-4.2000	4.1000	10.6000	12.6000	10.4000	3.8000	-5.0000	-17.8000	-29.4000	-20.3000	-15.7000	-3.3000	9.3000	19.0000	24.9000	25.5000	23.9000	18.0000	8.2000	-4.9000	-17.4000	1	0	2	5	7	19	32	25	11	5	3	2	112	-1.1917	13.5833	23.1403	1715.7530	25.5000	-33.2000	58.7000	17.9833	-20.0333	17.9833	-24.3000	112.0000	32.0000	0.0000	112.0313	76.0000	3.0000	76.0000	3.0000	0
73	73	95.2359	48.4634	1599.0000	-33.5000	-30.7000	-20.0000	-6.6000	1.6000	7.9000	10.2000	8.0000	1.2000	-7.3000	-20.2000	-30.4000	-20.7000	-16.4000	-4.8000	7.0000	16.8000	22.7000	23.4000	21.7000	15.7000	6.2000	-6.6000	-18.1000	2	1	3	6	8	24	43	36	15	7	4	3	152	-3.0375	13.8917	24.4142	1649.4946	23.4000	-33.5000	56.9000	15.6500	-21.0167	15.6500	-24.9667	152.0000	43.0000	1.0000	111.8681	103.0000	6.0000	103.0000	6.0000	0
74	74	95.1624	47.7282	1638.0000	-30.9000	-27.0000	-16.1000	-4.8000	2.7000	9.3000	11.3000	9.0000	2.1000	-6.3000	-18.4000	-28.3000	-17.7000	-12.7000	-1.2000	8.8000	17.3000	23.6000	24.2000	22.3000	16.2000	7.0000	-5.0000	-15.8000	1	0	2	4	4	19	33	31	10	5	2	2	113	-1.2667	13.7000	24.8639	1561.3533	24.2000	-30.9000	55.1000	16.6167	-17.6000	16.6167	-22.0667	113.0000	33.0000	0.0000	124.7060	83.0000	3.0000	83.0000	3.0000	0
75	75	96.1182	47.0664	1504.0000	-26.9000	-23.9000	-14.3000	-3.9000	3.6000	9.4000	11.6000	9.6000	3.0000	-5.2000	-16.4000	-24.1000	-13.0000	-9.0000	0.6000	10.2000	18.4000	23.7000	24.6000	22.9000	17.1000	8.4000	-2.8000	-11.1000	1	1	3	6	7	20	37	32	12	6	2	2	129	0.5208	13.9583	27.1036	1418.7870	24.6000	-26.9000	51.5000	16.9667	-18.0000	16.9667	-18.0000	129.0000	37.0000	1.0000	115.3110	89.0000	4.0000	89.0000	4.0000	0
76	76	99.2063	50.4486	2257.0000	-36.5000	-34.7000	-26.7000	-13.4000	-5.6000	0.3000	3.1000	1.0000	-5.3000	-13.8000	-26.1000	-33.3000	-24.8000	-20.0000	-10.1000	0.8000	10.0000	15.6000	16.4000	15.0000	9.8000	0.2000	-12.8000	-21.8000	3	2	5	12	21	57	90	73	35	13	7	3	321	-8.8625	14.1083	26.6698	1519.2344	16.4000	-36.5000	52.9000	8.5667	-28.5167	8.5667	-28.5167	321.0000	90.0000	2.0000	113.6476	220.0000	8.0000	220.0000	8.0000	0
77	77	96.8535	55.0807	537.0000	-29.1000	-28.5000	-19.0000	-7.0000	0.3000	6.8000	10.1000	7.8000	2.0000	-5.2000	-16.0000	-25.4000	-17.2000	-14.0000	-3.7000	6.3000	15.1000	21.9000	23.5000	20.5000	14.3000	4.5000	-6.0000	-14.9000	10	8	9	23	43	57	105	80	46	29	16	12	438	-2.2042	12.7917	24.3188	1476.9047	23.5000	-29.1000	52.6000	15.1000	-18.5833	15.1000	-21.5167	438.0000	105.0000	8.0000	85.3163	242.0000	27.0000	242.0000	30.0000	0
78	78	95.0153	55.4483	350.0000	-26.3000	-25.6000	-16.4000	-5.4000	1.8000	8.3000	11.4000	9.0000	3.1000	-4.3000	-14.7000	-23.2000	-15.6000	-13.2000	-3.1000	6.7000	15.7000	22.6000	24.4000	21.2000	14.8000	5.0000	-5.3000	-13.5000	13	11	11	23	44	55	86	71	43	35	23	17	432	-0.9417	11.8333	23.3399	1439.9303	24.4000	-26.3000	50.7000	16.1500	-16.7000	16.1500	-19.5667	432.0000	86.0000	11.0000	68.4423	212.0000	35.0000	212.0000	41.0000	0
79	79	90.6774	55.8159	311.0000	-22.8000	-22.1000	-13.6000	-4.3000	2.8000	9.4000	12.2000	9.7000	3.7000	-3.4000	-13.6000	-20.2000	-12.6000	-10.3000	-1.7000	7.2000	15.7000	22.6000	24.7000	21.5000	14.9000	5.2000	-4.8000	-10.8000	16	12	12	25	40	59	78	72	40	39	27	21	441	0.3917	11.1500	23.4737	1338.9376	24.7000	-22.8000	47.5000	16.6833	-13.8500	16.6833	-16.4667	441.0000	78.0000	12.0000	61.4084	209.0000	40.0000	209.0000	49.0000	0
80	80	102.8825	44.2725	1603.0000	-21.4000	-18.7000	-11.2000	-2.6000	5.3000	11.3000	13.4000	11.9000	5.1000	-3.3000	-12.4000	-19.1000	-7.9000	-4.1000	3.2000	12.3000	20.3000	25.3000	26.4000	24.8000	19.1000	10.8000	0.7000	-6.1000	1	2	3	6	12	22	36	35	13	5	3	1	139	3.4625	13.8750	29.0272	1288.1119	26.4000	-21.4000	47.8000	18.8500	-12.8833	18.8500	-12.8833	139.0000	36.0000	1.0000	110.2174	93.0000	4.0000	93.0000	4.0000	0
81	81	103.2501	45.5224	1433.0000	-23.4000	-20.7000	-12.5000	-3.6000	4.4000	10.4000	12.8000	11.3000	4.0000	-4.3000	-13.8000	-20.9000	-9.5000	-5.6000	2.5000	11.7000	19.8000	24.6000	25.7000	24.0000	18.5000	10.3000	-0.3000	-7.6000	1	2	3	5	15	29	54	39	14	5	2	2	171	2.4083	14.2000	28.9206	1327.4717	25.7000	-23.4000	49.1000	18.1333	-12.5833	18.1333	-14.6167	171.0000	54.0000	1.0000	122.1766	122.0000	5.0000	122.0000	5.0000	0
82	82	105.2353	45.6695	1399.0000	-24.5000	-21.8000	-13.3000	-4.1000	4.0000	10.2000	13.2000	11.4000	4.1000	-4.8000	-15.0000	-22.1000	-11.1000	-7.0000	1.8000	11.3000	19.8000	24.6000	26.0000	24.2000	18.3000	9.7000	-1.4000	-9.1000	1	2	2	4	12	24	42	36	15	4	2	2	146	1.8500	14.1500	28.0198	1387.1373	26.0000	-24.5000	50.5000	18.2667	-12.6500	18.2667	-15.9333	146.0000	42.0000	1.0000	118.2707	102.0000	5.0000	102.0000	5.0000	0
83	83	104.2059	44.5666	1073.0000	-22.5000	-19.2000	-10.3000	-0.9000	7.3000	13.3000	15.9000	14.2000	6.9000	-2.1000	-12.0000	-19.8000	-8.3000	-3.8000	5.3000	14.7000	23.1000	27.9000	29.4000	27.4000	21.5000	12.9000	1.7000	-6.4000	1	1	2	3	8	14	26	24	9	3	2	1	94	4.8417	14.5500	28.0347	1405.1736	29.4000	-22.5000	51.9000	21.3500	-13.3333	21.3500	-13.3333	94.0000	26.0000	1.0000	114.5492	64.0000	3.0000	64.0000	3.0000	0
84	84	105.2353	44.3460	1261.0000	-22.1000	-19.5000	-10.9000	-1.6000	6.5000	12.4000	15.2000	13.5000	6.5000	-2.4000	-12.4000	-19.7000	-9.3000	-5.0000	4.3000	13.3000	21.8000	26.7000	28.2000	26.3000	20.2000	11.6000	0.4000	-7.6000	1	1	1	4	7	15	30	25	11	3	2	1	101	4.0167	13.7833	27.4023	1387.9650	28.2000	-22.1000	50.3000	20.3833	-10.4167	20.3833	-13.8667	101.0000	30.0000	1.0000	118.9693	70.0000	3.0000	70.0000	3.0000	0
85	85	104.7941	47.2135	1462.0000	-25.9000	-24.0000	-15.1000	-6.0000	1.7000	8.0000	10.8000	9.1000	1.7000	-7.0000	-16.6000	-23.5000	-12.2000	-8.6000	0.4000	9.4000	17.9000	22.8000	23.6000	21.9000	16.5000	8.0000	-2.3000	-10.1000	2	2	3	6	22	45	67	51	27	6	4	3	238	0.0208	14.5083	29.3098	1351.5622	23.6000	-25.9000	49.5000	16.0333	-14.2333	16.0333	-17.3833	238.0000	67.0000	2.0000	114.9924	163.0000	7.0000	163.0000	7.0000	0
86	86	109.4997	46.1841	1232.0000	-24.5000	-23.2000	-14.9000	-5.7000	3.4000	10.5000	13.3000	11.5000	4.1000	-4.3000	-15.8000	-22.8000	-13.5000	-9.9000	-0.4000	9.6000	19.0000	24.6000	25.9000	24.1000	17.7000	9.0000	-3.6000	-12.0000	1	2	2	6	12	29	54	40	16	6	3	2	173	0.9208	13.2417	26.2731	1459.3514	25.9000	-24.5000	50.4000	18.3167	-14.4000	18.3167	-17.6500	173.0000	54.0000	1.0000	121.1739	123.0000	5.0000	123.0000	5.0000	0
87	87	108.2498	47.5811	1362.0000	-31.1000	-29.2000	-19.0000	-7.3000	1.0000	7.9000	10.8000	8.8000	1.1000	-7.5000	-20.5000	-28.9000	-18.5000	-14.5000	-3.8000	7.9000	16.9000	22.6000	23.3000	21.7000	15.6000	6.6000	-6.9000	-16.8000	2	2	3	8	12	44	90	75	29	9	4	2	280	-2.4917	14.0000	25.7353	1585.0664	23.3000	-31.1000	54.4000	15.8500	-23.1667	15.8500	-23.1667	280.0000	90.0000	2.0000	131.1092	209.0000	6.0000	209.0000	6.0000	0
88	88	110.6026	44.7872	974.0000	-23.2000	-20.3000	-11.4000	-1.6000	6.5000	13.0000	16.4000	14.6000	6.9000	-1.9000	-12.6000	-20.7000	-11.7000	-6.6000	3.1000	13.9000	22.2000	27.4000	29.2000	27.2000	20.6000	11.9000	-0.4000	-9.6000	1	2	2	4	8	19	37	33	12	5	2	1	126	3.8708	13.4583	25.6838	1482.3499	29.2000	-23.2000	52.4000	21.3000	-13.0333	21.3000	-15.3500	126.0000	37.0000	1.0000	120.4335	89.0000	4.0000	89.0000	4.0000	0
89	89	102.5884	36.7729	3205.0000	-18.0000	-15.7000	-10.3000	-5.0000	-0.3000	3.4000	5.9000	5.2000	1.5000	-4.0000	-10.8000	-16.2000	-4.7000	-2.8000	1.7000	6.6000	10.9000	14.1000	16.2000	15.6000	11.1000	6.6000	0.9000	-3.0000	2	5	14	29	55	71	101	109	75	25	6	2	494	0.3708	11.4583	33.5039	811.7446	16.2000	-18.0000	34.2000	9.2500	-10.0667	10.0667	-10.0667	494.0000	109.0000	2.0000	95.9652	285.0000	9.0000	281.0000	9.0000	0
90	90	101.9267	36.9935	2999.0000	-17.7000	-15.1000	-9.1000	-3.5000	1.2000	4.7000	7.1000	6.6000	2.7000	-3.1000	-10.2000	-15.6000	-3.4000	-1.2000	3.9000	9.1000	13.1000	16.3000	18.4000	17.8000	13.2000	8.6000	2.4000	-1.8000	2	4	12	27	55	73	103	101	71	26	5	2	481	1.8500	12.3667	34.2567	845.1439	18.4000	-17.7000	36.1000	11.8167	-9.1333	11.8167	-9.1333	481.0000	103.0000	2.0000	96.6904	277.0000	8.0000	277.0000	8.0000	0
91	91	98.3975	35.8906	4609.0000	-25.7000	-22.9000	-17.6000	-11.5000	-6.4000	-2.6000	0.1000	-0.7000	-4.4000	-10.8000	-19.8000	-24.7000	-10.2000	-7.8000	-3.2000	1.6000	5.4000	8.3000	11.2000	11.0000	6.9000	1.1000	-5.3000	-8.6000	4	5	8	13	34	66	77	67	45	17	4	3	343	-5.6917	13.1167	35.5465	867.7946	11.2000	-25.7000	36.9000	4.5500	-15.7167	4.5500	-16.6500	343.0000	77.0000	3.0000	98.6097	210.0000	11.0000	210.0000	12.0000	0
92	92	97.0740	36.3318	2756.0000	-16.2000	-12.4000	-6.0000	-0.3000	4.8000	8.5000	11.1000	10.2000	5.3000	-1.4000	-9.3000	-14.7000	-1.1000	2.5000	8.9000	14.6000	19.1000	22.2000	24.7000	24.3000	19.4000	13.0000	5.2000	0.1000	5	5	7	11	24	51	45	38	24	9	3	4	226	5.5208	14.4417	35.3097	966.1768	24.7000	-16.2000	40.9000	16.8333	-6.0000	16.8333	-6.9667	226.0000	51.0000	3.0000	91.8511	134.0000	12.0000	134.0000	14.0000	0
93	93	96.4858	35.5965	4633.0000	-25.4000	-22.7000	-17.5000	-11.6000	-6.2000	-2.1000	0.6000	-0.2000	-3.9000	-10.8000	-19.8000	-24.4000	-9.4000	-7.2000	-2.5000	2.3000	6.2000	9.2000	12.2000	12.0000	7.7000	1.8000	-4.5000	-7.8000	3	4	6	10	29	60	70	58	42	13	3	3	301	-5.1667	13.6667	36.3475	877.2978	12.2000	-25.4000	37.6000	5.2833	-15.2167	5.2833	-16.1500	301.0000	70.0000	3.0000	102.4692	188.0000	9.0000	188.0000	10.0000	0
94	94	94.5007	36.1847	4118.0000	-23.6000	-21.0000	-15.7000	-9.6000	-3.7000	0.4000	3.2000	2.5000	-1.7000	-9.4000	-17.9000	-22.2000	-7.5000	-4.8000	0.4000	5.7000	9.7000	12.9000	15.7000	15.4000	10.6000	4.4000	-2.2000	-6.1000	1	1	2	4	13	25	33	28	18	4	1	1	131	-2.6875	14.4083	36.6624	921.3481	15.7000	-23.6000	39.3000	8.3500	-13.2500	8.3500	-14.2000	131.0000	33.0000	1.0000	110.5091	86.0000	3.0000	86.0000	3.0000	0
95	95	95.9712	36.9935	2692.0000	-17.6000	-13.7000	-7.0000	-0.9000	4.6000	8.7000	11.4000	10.5000	5.1000	-2.2000	-10.2000	-15.8000	-1.7000	2.1000	8.7000	14.7000	19.3000	22.6000	25.1000	24.6000	19.4000	13.0000	4.8000	-0.3000	2	2	3	4	12	22	21	16	10	3	2	1	98	5.2167	14.9500	35.0117	1012.9330	25.1000	-17.6000	42.7000	17.1500	-6.8000	17.1500	-7.8333	98.0000	22.0000	1.0000	95.6832	59.0000	5.0000	59.0000	5.0000	0
96	96	94.6477	39.1257	3519.0000	-23.9000	-21.2000	-15.2000	-8.8000	-2.6000	1.9000	4.9000	4.3000	-1.6000	-9.3000	-17.1000	-22.1000	-7.3000	-4.7000	0.8000	6.9000	12.0000	15.9000	18.6000	18.2000	12.9000	6.1000	-1.6000	-5.9000	1	1	1	2	10	18	20	14	4	1	1	1	74	-1.6167	15.2167	35.8039	1007.3691	18.6000	-23.9000	42.5000	10.6333	-11.9167	10.6333	-14.1833	74.0000	20.0000	1.0000	118.7289	52.0000	3.0000	52.0000	3.0000	0
97	97	93.6184	39.2728	5158.0000	-30.2000	-28.6000	-24.2000	-18.0000	-11.9000	-7.2000	-4.3000	-4.7000	-9.9000	-17.2000	-24.9000	-28.6000	-14.3000	-13.0000	-9.2000	-3.8000	0.8000	4.8000	7.8000	7.7000	2.6000	-3.7000	-10.0000	-12.7000	1	2	3	6	18	35	43	33	14	4	1	1	161	-10.5292	13.8917	36.5570	897.4951	7.8000	-30.2000	38.0000	0.6833	-20.1167	0.6833	-21.2333	161.0000	43.0000	1.0000	114.3894	111.0000	3.0000	111.0000	4.0000	0
98	98	107.2940	50.7427	919.0000	-29.5000	-27.2000	-16.5000	-6.0000	1.3000	8.5000	11.7000	9.4000	1.8000	-6.7000	-17.6000	-25.8000	-19.1000	-14.7000	-3.2000	7.3000	16.1000	22.5000	23.7000	21.4000	14.4000	4.8000	-7.1000	-16.2000	5	4	4	12	21	63	93	79	41	13	9	7	351	-1.9458	12.2083	22.9480	1539.7247	23.7000	-29.5000	53.2000	16.2000	-18.3667	16.2000	-22.0833	351.0000	93.0000	4.0000	109.1598	235.0000	13.0000	235.0000	16.0000	0
99	99	105.4559	54.6395	814.0000	-33.1000	-31.5000	-22.1000	-9.0000	-1.7000	4.8000	8.9000	7.0000	-0.1000	-8.6000	-20.8000	-29.7000	-23.1000	-17.7000	-5.6000	3.9000	13.2000	20.6000	22.5000	19.7000	12.3000	1.8000	-10.5000	-19.9000	12	9	8	14	28	54	88	84	42	19	19	19	396	-4.9458	12.7583	22.9466	1603.2233	22.5000	-33.1000	55.6000	13.9167	-22.1833	13.9167	-25.8333	396.0000	88.0000	8.0000	85.5344	226.0000	29.0000	226.0000	40.0000	0
100	100	79.5751	44.9342	3503.0000	-28.5000	-27.6000	-19.9000	-11.3000	-6.0000	-1.9000	0.4000	-0.9000	-5.8000	-12.0000	-18.9000	-24.3000	-19.3000	-18.8000	-11.8000	-0.9000	4.5000	9.2000	12.5000	12.1000	7.1000	-1.1000	-10.1000	-15.7000	15	16	28	52	86	94	90	68	50	41	29	23	592	-7.8750	10.3667	25.2846	1125.7795	12.5000	-28.5000	41.0000	3.1167	-22.3667	5.2333	-22.3667	592.0000	94.0000	15.0000	58.8462	270.0000	54.0000	252.0000	54.0000	0
101	101	80.4574	44.7872	3561.0000	-28.9000	-27.7000	-19.9000	-11.4000	-6.3000	-2.3000	0.0000	-1.3000	-6.1000	-12.4000	-19.2000	-24.7000	-20.0000	-19.1000	-11.8000	-0.9000	4.4000	8.8000	12.0000	11.7000	6.9000	-1.2000	-10.3000	-16.3000	12	14	25	50	86	100	97	74	53	37	25	20	593	-8.1667	10.3667	25.3464	1125.2441	12.0000	-28.9000	40.9000	2.7667	-22.7833	4.8167	-22.7833	593.0000	100.0000	12.0000	65.8413	283.0000	46.0000	271.0000	46.0000	0
102	102	82.2220	47.0664	1027.0000	-21.7000	-20.7000	-11.6000	-1.4000	4.9000	9.6000	12.0000	10.0000	4.5000	-2.5000	-10.5000	-17.4000	-10.7000	-9.2000	-1.4000	11.4000	18.8000	23.9000	26.3000	25.3000	19.9000	10.1000	-0.9000	-7.7000	26	24	23	38	43	36	44	25	23	37	41	34	394	2.5417	12.5500	26.1458	1323.9659	26.3000	-21.7000	48.0000	15.9167	-12.5500	17.8500	-14.5667	394.0000	44.0000	23.0000	24.8057	123.0000	73.0000	105.0000	84.0000	0
103	103	79.6486	43.0961	2345.0000	-20.6000	-18.3000	-10.0000	-2.2000	2.6000	6.2000	8.3000	7.1000	2.4000	-4.0000	-11.0000	-16.9000	-9.4000	-7.6000	0.3000	9.9000	14.6000	18.7000	21.3000	20.9000	16.3000	8.7000	-0.5000	-6.6000	10	11	22	42	64	74	65	53	40	30	19	14	444	1.2583	11.9167	28.4407	1095.4946	21.3000	-20.6000	41.9000	11.9500	-13.2333	13.7500	-13.2333	444.0000	74.0000	10.0000	61.5448	203.0000	35.0000	192.0000	35.0000	0
104	104	78.3987	43.6108	657.0000	-12.4000	-10.5000	-2.3000	5.5000	11.3000	15.5000	17.5000	15.7000	10.5000	3.5000	-3.5000	-8.9000	-1.3000	0.5000	8.5000	18.2000	23.9000	28.3000	30.7000	29.8000	24.8000	16.6000	7.2000	1.1000	19	18	28	45	44	38	27	19	21	35	28	22	344	9.5917	12.2000	28.3063	1142.9047	30.7000	-12.4000	43.1000	17.1167	-5.2500	22.9167	-5.2500	344.0000	45.0000	18.0000	33.8646	127.0000	59.0000	84.0000	59.0000	0
105	105	76.1194	43.8313	760.0000	-13.0000	-12.2000	-4.6000	3.8000	9.8000	14.0000	16.2000	14.4000	9.2000	2.5000	-4.3000	-9.3000	-3.4000	-2.3000	4.7000	14.5000	20.9000	25.4000	28.6000	27.6000	22.6000	14.0000	5.0000	-0.7000	22	20	37	61	61	39	23	17	17	37	34	25	393	7.6417	10.8667	26.1218	1134.2816	28.6000	-13.0000	41.6000	14.7333	19.7667	21.0333	-6.8167	393.0000	61.0000	17.0000	46.9642	161.0000	57.0000	79.0000	67.0000	0
106	106	80.3103	42.7285	1812.0000	-18.2000	-15.2000	-6.4000	1.0000	6.0000	9.5000	11.4000	10.2000	5.5000	-1.3000	-8.5000	-14.6000	-6.2000	-3.3000	5.1000	14.4000	19.0000	22.8000	25.1000	24.5000	20.0000	12.6000	3.0000	-3.6000	7	8	16	33	53	61	57	45	33	23	13	10	359	4.7000	12.8333	29.6382	1113.9814	25.1000	-18.2000	43.3000	15.6333	-10.1833	17.2500	-10.1833	359.0000	61.0000	7.0000	66.9201	171.0000	25.0000	163.0000	25.0000	0
107	107	79.7957	41.9932	4509.0000	-30.7000	-28.7000	-21.1000	-13.1000	-8.5000	-5.1000	-2.5000	-3.2000	-7.7000	-14.2000	-21.1000	-27.0000	-20.7000	-19.2000	-12.2000	-2.8000	1.9000	6.2000	9.6000	9.6000	4.9000	-2.5000	-11.2000	-17.3000	3	5	11	23	53	69	71	61	35	16	8	7	362	-9.8583	10.7667	26.7163	1072.5667	9.6000	-30.7000	40.3000	2.4333	-23.9333	2.4333	-23.9333	362.0000	71.0000	3.0000	87.6456	201.0000	15.0000	201.0000	15.0000	0
108	108	-2.9678	37.1891	1180.0000	0.2000	0.8000	2.9000	4.8000	7.7000	11.9000	15.2000	15.4000	12.4000	8.2000	4.1000	1.6000	9.6000	11.1000	13.4000	16.0000	19.4000	25.7000	30.8000	30.2000	25.8000	19.2000	13.8000	9.9000	58	54	63	65	48	19	10	12	27	51	55	61	523	12.9208	11.6417	38.0447	662.0679	30.8000	0.2000	30.6000	8.1667	21.5333	21.6333	5.5333	523.0000	65.0000	10.0000	47.2504	182.0000	41.0000	49.0000	173.0000	0
109	109	-1.2264	40.4040	1035.0000	-1.2000	-0.8000	1.1000	3.7000	7.5000	11.7000	14.9000	15.0000	11.3000	6.2000	1.4000	-0.7000	6.3000	7.9000	11.3000	13.9000	17.9000	22.3000	25.9000	25.9000	21.8000	16.4000	11.4000	8.2000	21	23	35	39	65	57	26	29	48	40	33	28	444	10.8042	9.9250	36.6236	657.4692	25.9000	-1.2000	27.1000	12.8333	3.2833	19.2833	3.2833	444.0000	65.0000	21.0000	36.9499	161.0000	72.0000	112.0000	72.0000	0
110	110	-1.3604	42.0561	541.0000	0.0000	0.7000	3.2000	5.3000	8.9000	11.9000	14.3000	14.3000	12.2000	7.5000	3.3000	1.4000	7.8000	9.6000	13.7000	16.1000	19.9000	24.3000	27.8000	27.6000	24.2000	18.2000	12.2000	8.7000	43	37	44	43	66	54	27	30	43	50	45	56	538	12.2125	10.5917	38.0995	630.1411	27.8000	0.0000	27.8000	14.4000	20.0667	20.0667	4.7000	538.0000	66.0000	27.0000	24.1888	163.0000	100.0000	100.0000	136.0000	0
111	111	-0.6013	41.6095	316.0000	1.5000	2.5000	4.8000	7.0000	10.6000	14.0000	16.5000	16.3000	14.1000	9.5000	5.1000	2.6000	9.4000	11.6000	15.4000	18.2000	21.8000	26.0000	29.5000	28.9000	25.3000	19.2000	13.5000	10.3000	22	23	29	34	50	38	18	23	38	40	33	26	374	13.9000	10.3833	37.0833	636.7246	29.5000	1.5000	28.0000	16.2667	6.3167	21.8667	6.3167	374.0000	50.0000	18.0000	29.9691	122.0000	71.0000	79.0000	71.0000	0
112	112	-1.7176	41.5202	1172.0000	-3.2000	-2.4000	0.0000	2.1000	5.6000	9.3000	11.7000	11.5000	9.3000	4.4000	0.3000	-1.7000	5.0000	7.0000	10.5000	12.9000	16.5000	21.7000	25.2000	24.8000	21.5000	15.0000	9.8000	6.3000	39	37	46	49	75	64	33	35	48	47	42	52	567	9.2958	10.7750	37.9401	637.5965	25.2000	-3.2000	28.4000	11.3500	17.3333	17.3667	1.8333	567.0000	75.0000	33.0000	25.7807	188.0000	116.0000	132.0000	128.0000	0
113	113	18.1076	47.1017	141.0000	-4.0000	-1.7000	1.2000	5.9000	10.2000	13.7000	15.0000	14.5000	11.1000	6.4000	2.3000	-1.8000	1.6000	4.8000	10.4000	16.8000	21.7000	24.9000	27.0000	26.3000	22.5000	16.5000	8.9000	3.4000	38	32	34	39	59	64	44	61	44	33	51	46	545	10.7333	9.3333	30.1075	805.2366	27.0000	-4.0000	31.0000	20.2333	2.0500	20.2333	0.3833	545.0000	64.0000	32.0000	24.5627	169.0000	104.0000	169.0000	116.0000	0
114	114	23.9123	46.6552	370.0000	-7.2000	-4.9000	-0.6000	4.0000	8.6000	11.5000	12.8000	12.3000	8.8000	3.7000	-0.2000	-4.2000	0.6000	3.5000	10.0000	15.6000	20.7000	23.1000	24.9000	24.8000	21.2000	15.4000	7.6000	2.3000	30	28	26	48	75	87	82	67	41	37	34	36	591	8.9292	10.4250	32.4766	807.2863	24.9000	-7.2000	32.1000	16.9333	0.2333	18.2333	-1.6500	591.0000	87.0000	26.0000	45.2629	244.0000	84.0000	236.0000	94.0000	0
115	115	15.2946	49.0663	563.0000	-5.8000	-5.0000	-1.9000	1.7000	6.4000	9.5000	11.0000	10.9000	7.4000	3.1000	-0.8000	-3.9000	0.2000	2.0000	6.9000	12.2000	17.4000	20.3000	22.3000	22.0000	17.8000	12.2000	5.2000	1.5000	37	38	43	50	78	96	96	85	57	42	48	45	715	7.1917	8.9500	31.8505	725.5150	22.3000	-5.8000	28.1000	16.0000	-0.6000	16.0000	-1.8333	715.0000	96.0000	37.0000	38.0129	277.0000	118.0000	277.0000	120.0000	0
116	116	15.5625	48.5305	539.0000	-5.8000	-4.9000	-1.9000	1.9000	6.5000	9.8000	11.2000	11.0000	7.4000	3.1000	-0.7000	-3.9000	0.5000	2.4000	7.3000	12.6000	17.8000	20.8000	22.9000	22.4000	18.2000	12.5000	5.5000	1.6000	37	40	47	54	81	100	99	87	59	44	52	49	749	7.4250	9.2333	32.1719	732.3297	22.9000	-5.8000	28.7000	16.3500	-0.4000	16.3500	-1.6833	749.0000	100.0000	37.0000	36.7791	286.0000	124.0000	286.0000	126.0000	0
117	117	16.4109	48.5752	338.0000	-4.7000	-3.4000	-0.5000	3.4000	7.9000	11.2000	12.6000	12.4000	8.8000	4.3000	0.6000	-2.7000	1.2000	3.5000	8.5000	14.2000	19.4000	22.4000	24.6000	24.1000	19.7000	13.9000	6.9000	2.6000	35	37	41	48	68	82	80	71	50	41	48	43	644	8.7875	9.2583	31.5984	749.1726	24.6000	-4.7000	29.3000	17.8833	0.7667	17.8833	-0.5833	644.0000	82.0000	35.0000	31.4855	233.0000	113.0000	233.0000	115.0000	0
118	118	24.0016	46.6105	402.0000	-7.6000	-5.1000	-0.8000	3.8000	8.4000	11.3000	12.6000	12.1000	8.6000	3.6000	-0.3000	-4.4000	0.5000	3.4000	9.8000	15.4000	20.5000	23.0000	24.7000	24.7000	21.1000	15.4000	7.7000	2.3000	31	28	27	49	76	89	84	68	42	38	35	36	603	8.7792	10.5250	32.5851	806.6329	24.7000	-7.6000	32.3000	16.7500	0.0333	18.0667	-1.8167	603.0000	89.0000	27.0000	45.2222	249.0000	86.0000	241.0000	95.0000	0
119	119	30.1635	47.4142	109.0000	-6.2000	-5.3000	-1.6000	5.0000	10.8000	14.6000	16.2000	15.4000	10.9000	5.6000	0.9000	-3.0000	-0.6000	0.2000	4.8000	13.4000	19.8000	23.8000	25.9000	25.3000	20.5000	13.7000	6.7000	2.2000	38	37	31	36	48	65	70	45	41	27	40	40	518	9.1250	7.7000	23.9875	914.6497	25.9000	-6.2000	32.1000	18.5167	2.7500	20.2000	-2.1167	518.0000	70.0000	27.0000	29.4165	183.0000	104.0000	180.0000	115.0000	0
120	120	31.0119	47.7714	111.0000	-7.0000	-6.2000	-2.5000	4.5000	10.5000	14.7000	16.6000	15.6000	10.5000	5.1000	0.2000	-3.7000	-1.3000	-0.5000	3.9000	13.0000	19.7000	24.3000	26.6000	25.8000	20.3000	13.2000	5.9000	1.4000	37	40	31	34	48	63	61	41	35	27	39	39	495	8.7750	7.8333	23.3135	961.2054	26.6000	-7.0000	33.6000	18.7333	9.2000	20.6000	-2.8833	495.0000	63.0000	27.0000	26.7392	172.0000	101.0000	165.0000	116.0000	0
121	121	33.1105	47.7714	96.0000	-7.4000	-6.7000	-3.0000	4.1000	10.2000	14.2000	16.2000	15.2000	10.0000	4.5000	-0.2000	-3.9000	-1.2000	-0.4000	4.3000	13.9000	21.1000	25.5000	27.8000	27.1000	21.4000	13.9000	6.0000	1.5000	34	32	27	35	44	58	59	41	38	28	36	41	473	8.9208	8.9750	25.4972	985.7103	27.8000	-7.4000	35.2000	19.1667	-2.4000	21.0000	-3.0167	473.0000	59.0000	27.0000	26.0181	161.0000	93.0000	158.0000	107.0000	0
122	122	35.0752	46.7891	27.0000	-5.7000	-5.2000	-1.7000	5.2000	11.4000	15.6000	17.8000	17.0000	11.9000	6.2000	1.6000	-1.9000	0.0000	0.7000	4.9000	13.7000	21.0000	25.7000	28.3000	27.5000	22.1000	14.7000	7.6000	3.1000	36	32	29	30	39	46	43	34	32	24	34	42	421	10.0625	8.0917	23.7990	965.2840	28.3000	-5.7000	34.0000	19.9667	16.5667	21.9833	-1.5000	421.0000	46.0000	24.0000	18.2899	128.0000	90.0000	123.0000	110.0000	0
123	123	34.4501	46.2086	3.0000	-5.0000	-4.4000	-1.2000	5.1000	10.9000	15.0000	17.2000	16.5000	11.5000	6.1000	2.0000	-1.3000	1.0000	1.8000	5.9000	14.2000	21.0000	25.8000	28.5000	27.9000	22.4000	15.3000	8.5000	4.1000	33	29	27	27	39	45	40	31	31	25	33	36	396	10.3667	8.6667	25.8706	920.2577	28.5000	-5.0000	33.5000	19.7333	3.5667	21.8167	-0.6333	396.0000	45.0000	25.0000	18.2277	124.0000	83.0000	116.0000	98.0000	0
124	124	38.1115	47.9500	137.0000	-8.4000	-7.9000	-3.1000	5.0000	11.2000	15.0000	16.9000	16.1000	11.0000	4.7000	-0.4000	-4.5000	-2.3000	-1.6000	3.6000	14.4000	21.4000	25.2000	27.1000	26.4000	20.8000	12.8000	5.2000	0.6000	45	36	32	39	47	60	53	42	38	30	43	55	520	8.7167	8.1667	23.0047	1034.7471	27.1000	-8.4000	35.5000	19.4667	1.7333	21.1167	-4.0167	520.0000	60.0000	30.0000	21.2493	160.0000	107.0000	155.0000	136.0000	0
125	125	32.6194	37.7695	1004.0000	-4.3000	-2.9000	-0.3000	4.3000	8.5000	12.0000	15.0000	14.3000	10.1000	5.5000	1.1000	-2.0000	4.3000	7.1000	11.7000	17.2000	22.2000	26.6000	29.9000	29.5000	25.8000	20.0000	13.1000	6.5000	43	34	33	34	42	23	6	4	10	33	36	45	343	11.4667	12.7167	37.1832	801.4825	29.9000	-4.3000	34.2000	3.1167	20.7667	21.2167	1.4500	343.0000	45.0000	4.0000	50.5989	124.0000	20.0000	33.0000	122.0000	0
126	126	32.9319	39.4216	1162.0000	-4.7000	-3.1000	-0.4000	4.0000	7.8000	11.1000	13.9000	13.8000	10.2000	5.6000	1.0000	-2.6000	2.0000	4.8000	10.1000	15.7000	20.4000	24.8000	28.5000	28.3000	24.4000	17.9000	11.1000	4.2000	46	37	37	47	55	29	10	6	14	27	33	47	388	10.3667	11.3000	34.0361	809.9532	28.5000	-4.7000	33.2000	9.6000	19.8500	20.0667	0.1000	388.0000	55.0000	6.0000	48.8360	139.0000	30.0000	45.0000	130.0000	0
127	127	32.4407	40.0021	1105.0000	-4.7000	-3.2000	-0.4000	3.9000	7.6000	10.6000	13.3000	12.9000	9.4000	5.0000	1.1000	-2.0000	2.7000	5.0000	10.2000	15.5000	20.3000	24.5000	28.1000	28.0000	24.3000	18.0000	11.5000	4.8000	54	43	43	48	56	38	17	13	18	27	33	58	448	10.2667	11.6167	35.4167	775.8729	28.1000	-4.7000	32.8000	0.4333	19.3333	19.5667	0.4333	448.0000	58.0000	13.0000	42.2491	155.0000	48.0000	68.0000	155.0000	0
128	128	34.2715	39.0644	1094.0000	-4.3000	-3.1000	-0.6000	3.6000	7.4000	10.7000	13.7000	13.5000	9.6000	5.2000	1.2000	-1.7000	3.6000	5.8000	10.5000	16.1000	20.8000	25.1000	28.7000	28.7000	24.9000	18.7000	12.2000	6.1000	47	38	41	46	48	35	8	4	12	26	38	51	394	10.6833	12.1667	36.8687	773.3232	28.7000	-4.3000	33.0000	2.8500	19.8500	20.0667	1.0667	394.0000	51.0000	4.0000	50.1943	136.0000	24.0000	47.0000	136.0000	0
129	129	36.1468	38.6179	1471.0000	-9.1000	-7.3000	-3.0000	1.5000	4.7000	7.1000	9.3000	8.9000	5.5000	1.9000	-2.1000	-5.7000	0.1000	2.0000	7.1000	13.5000	18.2000	22.5000	26.6000	27.0000	23.5000	17.0000	9.5000	2.8000	43	37	48	57	58	40	10	9	17	34	43	53	449	7.5625	13.1750	36.4958	804.1487	27.0000	-9.1000	36.1000	7.0000	16.8000	16.9000	-2.8667	449.0000	58.0000	9.0000	45.7187	163.0000	36.0000	59.0000	133.0000	0
130	130	37.3077	39.5556	1455.0000	-8.4000	-6.8000	-2.6000	1.8000	5.3000	7.5000	9.7000	9.2000	5.7000	2.2000	-1.6000	-4.9000	-0.2000	2.0000	7.2000	13.7000	18.6000	22.6000	26.9000	27.3000	23.6000	17.1000	9.8000	2.9000	41	38	46	60	64	37	7	8	15	34	40	47	437	7.8583	12.8667	36.0411	804.1790	27.3000	-8.4000	35.7000	7.3333	17.0667	17.2000	-2.5667	437.0000	64.0000	7.0000	50.3276	170.0000	30.0000	52.0000	126.0000	0
131	131	41.9961	51.6561	169.0000	-13.5000	-13.0000	-7.0000	2.6000	9.2000	13.0000	14.8000	13.5000	8.3000	2.0000	-3.8000	-9.1000	-6.4000	-5.5000	0.0000	12.3000	21.1000	24.8000	26.3000	25.2000	18.9000	9.9000	1.8000	-3.2000	39	28	28	31	39	55	60	44	45	42	50	48	509	5.9250	9.0167	22.6549	1157.4629	26.3000	-13.5000	39.8000	19.6000	-1.7667	19.6000	-8.4500	509.0000	60.0000	28.0000	23.9469	159.0000	87.0000	159.0000	115.0000	0
132	132	44.1394	52.9510	217.0000	-14.9000	-14.9000	-8.8000	1.3000	8.2000	12.3000	14.2000	12.7000	7.3000	1.2000	-5.4000	-10.8000	-7.9000	-7.2000	-1.5000	10.7000	19.8000	23.9000	25.4000	24.1000	17.3000	8.4000	0.0000	-4.8000	39	27	27	36	36	60	71	51	49	48	47	42	533	4.6083	8.8167	21.8776	1189.5049	25.4000	-14.9000	40.3000	18.7667	-3.4000	18.7667	-10.0833	533.0000	71.0000	27.0000	28.9351	182.0000	90.0000	182.0000	108.0000	0
133	133	46.2380	45.1370	-14.0000	-7.4000	-7.1000	-2.0000	5.3000	11.9000	16.7000	19.3000	17.9000	12.3000	5.6000	0.6000	-3.5000	-0.7000	0.2000	6.3000	16.8000	23.8000	28.5000	31.0000	30.1000	23.9000	15.6000	7.6000	2.2000	15	14	16	20	32	36	28	26	25	20	21	19	272	10.6208	9.6417	25.1085	1085.6553	31.0000	-7.4000	38.4000	21.8667	-1.7833	23.9167	-2.7167	272.0000	36.0000	14.0000	30.2942	96.0000	45.0000	90.0000	48.0000	0
134	134	45.4790	42.1007	798.0000	-5.2000	-4.4000	-0.6000	4.2000	9.3000	12.9000	15.9000	15.5000	11.5000	6.4000	1.5000	-2.9000	3.0000	4.0000	8.7000	15.8000	20.9000	24.7000	27.8000	27.2000	23.0000	16.9000	9.9000	5.1000	29	39	53	79	119	126	80	79	64	57	50	34	809	10.4625	10.2417	31.0354	845.1819	27.8000	-5.2000	33.0000	18.5833	-0.0667	20.6667	-0.0667	809.0000	126.0000	29.0000	45.9390	325.0000	102.0000	285.0000	102.0000	0
135	135	44.8092	41.4756	411.0000	-2.8000	-1.6000	1.6000	7.0000	12.0000	15.8000	19.0000	18.6000	14.5000	8.7000	3.7000	-0.8000	6.0000	7.6000	12.0000	19.0000	24.4000	28.1000	31.4000	31.1000	26.5000	20.0000	13.0000	7.8000	21	25	32	44	75	65	41	37	35	41	34	21	471	13.4417	10.9333	31.9688	869.9055	31.4000	-2.8000	34.2000	17.7167	2.7000	24.0000	2.7000	471.0000	75.0000	21.0000	41.6681	184.0000	67.0000	143.0000	67.0000	0
136	136	42.7552	41.4309	2369.0000	-14.6000	-14.2000	-9.9000	-4.4000	-0.4000	1.8000	4.7000	4.7000	1.0000	-2.4000	-6.2000	-11.3000	-3.8000	-3.4000	0.2000	6.4000	11.3000	14.9000	18.6000	19.3000	16.1000	10.5000	3.9000	-1.8000	48	49	49	70	99	108	74	73	61	72	62	57	822	1.7083	11.9500	35.2507	777.2090	19.3000	-14.6000	33.9000	8.4833	-7.6167	10.7333	-8.1833	822.0000	108.0000	48.0000	27.7233	281.0000	146.0000	208.0000	154.0000	0
137	137	32.7980	46.9231	19.0000	-6.1000	-5.2000	-1.8000	4.9000	10.7000	14.7000	16.8000	16.0000	11.0000	5.4000	0.8000	-2.5000	0.0000	1.0000	5.5000	14.5000	21.3000	25.9000	28.3000	27.8000	22.3000	14.9000	7.4000	2.9000	32	30	25	32	41	49	53	36	39	28	34	37	436	9.8542	8.9250	25.9448	953.1132	28.3000	-6.1000	34.4000	19.6167	-1.1000	21.5833	-1.6500	436.0000	53.0000	25.0000	22.7061	143.0000	87.0000	138.0000	99.0000	0
138	138	33.5124	47.2356	73.0000	-7.0000	-6.1000	-2.6000	4.2000	10.2000	14.2000	16.2000	15.3000	10.1000	4.6000	0.2000	-3.2000	-0.7000	0.3000	5.0000	14.3000	21.4000	26.0000	28.3000	27.8000	22.1000	14.5000	6.8000	2.3000	33	31	25	32	43	51	54	37	35	27	35	39	442	9.3417	9.3333	26.4400	971.8839	28.3000	-7.0000	35.3000	19.3833	2.5167	21.3000	-2.4000	442.0000	54.0000	25.0000	23.9170	148.0000	88.0000	142.0000	103.0000	0
139	139	46.9078	43.9314	-17.0000	-5.3000	-4.7000	-0.4000	6.0000	12.5000	17.3000	20.0000	19.0000	13.9000	7.7000	2.4000	-1.9000	1.0000	2.1000	7.2000	16.1000	23.0000	27.6000	30.1000	29.5000	23.8000	16.5000	9.1000	3.7000	17	19	19	28	35	42	27	22	30	30	27	21	317	11.5083	8.6000	24.2938	1009.4594	30.1000	-5.3000	35.4000	17.0833	-0.0167	23.9167	-0.8500	317.0000	42.0000	17.0000	27.7922	105.0000	55.0000	91.0000	57.0000	0
140	140	46.5059	43.4849	13.0000	-4.8000	-4.1000	0.1000	6.3000	12.5000	17.1000	20.0000	19.1000	14.1000	7.9000	2.7000	-1.6000	1.5000	2.8000	7.9000	16.7000	23.2000	27.7000	30.3000	29.6000	24.2000	16.8000	9.5000	4.1000	19	22	21	31	45	54	37	30	35	33	29	22	378	11.8167	8.7500	24.9288	990.7007	30.3000	-4.8000	35.1000	21.8000	0.5667	23.9667	-0.3500	378.0000	54.0000	19.0000	33.0053	136.0000	62.0000	121.0000	63.0000	0
141	141	45.7915	43.7528	65.0000	-6.2000	-5.5000	-0.8000	5.4000	11.6000	16.0000	18.7000	17.7000	12.7000	6.4000	1.4000	-2.9000	0.4000	2.1000	7.7000	17.2000	23.6000	28.0000	30.4000	29.8000	24.2000	16.4000	8.7000	3.0000	20	20	22	32	51	63	48	39	33	27	26	23	404	11.0833	9.7500	26.6393	1014.9795	30.4000	-6.2000	36.6000	21.3833	-0.3833	23.4333	-1.5167	404.0000	63.0000	20.0000	41.2809	162.0000	62.0000	150.0000	63.0000	0
142	142	46.2380	44.1547	-14.0000	-6.0000	-5.5000	-0.8000	5.7000	12.1000	16.7000	19.5000	18.4000	13.2000	6.7000	1.7000	-2.6000	0.5000	1.7000	7.4000	16.9000	23.6000	28.2000	30.7000	29.9000	24.2000	16.3000	8.7000	3.1000	17	18	19	28	40	49	34	29	29	26	25	21	335	11.2625	9.3417	25.4541	1032.4400	30.7000	-6.0000	36.7000	21.8000	-0.4500	23.9000	-1.4667	335.0000	49.0000	17.0000	33.9297	123.0000	54.0000	112.0000	56.0000	0
143	143	33.7803	28.8392	1110.0000	2.7000	3.4000	6.2000	9.2000	12.6000	15.6000	17.3000	17.1000	15.3000	12.0000	8.0000	4.3000	12.9000	14.9000	17.6000	21.5000	25.6000	28.2000	29.0000	29.2000	27.1000	24.0000	19.0000	14.7000	4	4	4	3	0	0	0	0	0	2	4	5	26	16.1417	11.6667	44.0252	569.9754	29.2000	2.7000	26.5000	10.2667	21.3833	22.7333	8.8167	26.0000	5.0000	0.0000	94.0397	13.0000	0.0000	0.0000	13.0000	0
144	144	32.0835	28.7499	536.0000	4.4000	5.0000	7.6000	11.2000	15.1000	17.8000	19.1000	19.2000	17.4000	14.7000	10.7000	6.5000	17.2000	18.9000	22.0000	26.7000	30.8000	32.7000	33.3000	33.2000	30.5000	28.0000	23.6000	18.9000	2	3	2	1	0	0	0	0	0	0	1	3	12	19.3542	13.9250	48.1834	575.6911	33.3000	4.4000	28.9000	11.8167	24.8000	25.8833	11.8167	12.0000	3.0000	0.0000	120.6045	8.0000	0.0000	0.0000	8.0000	0
145	145	57.9367	55.5854	299.0000	-21.1000	-20.8000	-13.4000	-2.2000	4.3000	9.4000	11.9000	9.3000	4.5000	-2.0000	-10.4000	-17.1000	-12.1000	-9.9000	-2.1000	8.8000	18.0000	22.6000	24.4000	21.7000	15.5000	5.4000	-3.2000	-8.9000	33	24	21	35	43	66	84	64	56	50	43	35	554	1.3583	10.6500	23.4066	1289.1573	24.4000	-21.1000	45.5000	16.5500	-13.2333	16.5500	-14.9833	554.0000	84.0000	21.0000	40.3740	214.0000	78.0000	214.0000	92.0000	0
146	146	61.6428	54.5585	213.0000	-20.1000	-19.4000	-12.2000	-0.5000	6.1000	11.3000	13.9000	11.1000	5.9000	-1.2000	-9.7000	-16.3000	-11.9000	-10.3000	-2.5000	10.0000	19.2000	24.0000	25.6000	23.0000	17.0000	6.8000	-2.7000	-8.8000	19	15	14	26	40	55	81	50	36	35	25	23	419	2.4292	10.0417	21.9730	1338.0761	25.6000	-20.1000	45.7000	18.1500	-12.7333	18.1500	-14.4667	419.0000	81.0000	14.0000	55.8884	186.0000	48.0000	186.0000	57.0000	0
147	147	61.9107	53.6208	204.0000	-20.8000	-20.2000	-13.1000	-0.5000	6.6000	11.8000	14.3000	11.5000	6.2000	-1.2000	-9.8000	-16.7000	-12.1000	-10.9000	-3.3000	10.3000	20.2000	25.1000	26.6000	24.0000	18.1000	7.6000	-2.4000	-8.8000	18	13	14	24	34	48	68	42	31	31	24	22	369	2.6042	10.5250	22.2046	1392.5573	26.6000	-20.8000	47.4000	18.8833	-13.4000	18.8833	-14.9167	369.0000	68.0000	13.0000	51.4028	158.0000	45.0000	158.0000	53.0000	0
148	148	67.9833	53.3529	298.0000	-21.8000	-21.6000	-14.6000	-1.9000	5.3000	10.8000	13.2000	10.3000	4.9000	-2.5000	-11.7000	-17.9000	-13.2000	-12.4000	-5.2000	8.1000	18.3000	23.8000	25.4000	22.7000	17.3000	6.4000	-3.9000	-9.7000	17	13	12	20	30	40	62	41	27	28	20	18	328	1.2542	10.4250	22.0869	1396.6054	25.4000	-21.8000	47.2000	17.7000	-14.8000	17.7000	-16.1000	328.0000	62.0000	12.0000	52.8870	143.0000	42.0000	143.0000	48.0000	0
149	149	68.5191	53.8887	166.0000	-21.3000	-21.0000	-13.9000	-1.4000	5.8000	11.3000	13.7000	10.8000	5.4000	-1.9000	-11.3000	-17.4000	-12.6000	-11.8000	-4.4000	8.5000	18.7000	24.2000	25.6000	22.7000	17.3000	6.7000	-3.5000	-9.3000	16	12	11	20	28	41	63	43	27	27	19	16	323	1.7042	10.2750	21.9083	1387.3167	25.6000	-21.3000	46.9000	18.0500	-14.1667	18.0500	-15.5667	323.0000	63.0000	11.0000	56.9516	147.0000	39.0000	147.0000	44.0000	0
150	150	71.5554	53.9333	113.0000	-21.2000	-21.0000	-13.7000	-1.3000	6.0000	11.8000	14.2000	11.2000	5.9000	-1.6000	-11.1000	-17.5000	-12.3000	-11.6000	-4.0000	8.5000	18.7000	24.4000	25.9000	22.6000	17.2000	6.7000	-3.6000	-9.3000	17	13	12	20	32	45	62	47	29	29	22	18	346	1.8708	10.1250	21.4968	1393.7416	25.9000	-21.2000	47.1000	18.3500	-13.9667	18.3500	-15.4833	346.0000	62.0000	12.0000	53.5015	154.0000	42.0000	154.0000	48.0000	0
151	151	73.4754	53.6208	123.0000	-21.5000	-21.5000	-13.9000	-1.3000	6.1000	12.1000	14.5000	11.4000	6.0000	-1.6000	-11.2000	-18.0000	-12.7000	-12.0000	-4.2000	8.7000	18.8000	24.5000	26.0000	22.7000	17.2000	6.6000	-3.8000	-9.7000	18	13	12	19	31	44	58	46	28	30	24	19	342	1.8000	10.0833	21.2281	1417.1755	26.0000	-21.5000	47.5000	18.5333	-14.3000	18.5333	-15.9000	342.0000	58.0000	12.0000	50.1711	148.0000	43.0000	148.0000	50.0000	0
152	152	73.3861	52.6384	111.0000	-20.8000	-20.9000	-13.4000	-0.7000	6.7000	12.7000	15.1000	12.0000	6.6000	-1.0000	-10.6000	-17.3000	-12.0000	-11.3000	-3.9000	9.5000	19.6000	25.3000	26.9000	23.7000	18.4000	7.6000	-3.0000	-9.0000	17	13	12	18	31	38	53	39	24	29	22	18	314	2.5083	10.2833	21.5132	1422.7691	26.9000	-20.9000	47.8000	19.2833	-13.7167	19.2833	-15.2167	314.0000	53.0000	12.0000	47.0837	130.0000	42.0000	130.0000	48.0000	0
153	153	82.9415	55.3175	136.0000	-22.0000	-21.7000	-14.2000	-3.5000	4.0000	10.3000	13.0000	10.2000	4.7000	-2.3000	-12.3000	-19.6000	-12.9000	-11.1000	-2.8000	7.1000	16.8000	23.1000	25.3000	21.9000	16.0000	5.6000	-4.5000	-10.8000	22	18	17	25	39	54	68	68	39	43	34	24	451	0.8458	10.5917	22.3925	1369.5345	25.3000	-22.0000	47.3000	17.3000	-14.1167	17.3000	-16.3500	451.0000	68.0000	17.0000	47.8594	190.0000	57.0000	190.0000	64.0000	0
154	154	96.2029	56.6124	277.0000	-27.4000	-26.6000	-17.4000	-6.1000	1.3000	8.1000	11.4000	8.9000	3.1000	-4.2000	-15.3000	-24.4000	-16.3000	-13.6000	-2.9000	6.3000	14.9000	22.5000	24.5000	20.9000	14.2000	4.1000	-6.0000	-14.4000	16	13	10	17	33	42	65	59	36	31	24	18	364	-1.4333	11.9000	22.9287	1467.3203	24.5000	-27.4000	51.9000	16.0500	-17.3667	16.0500	-20.4500	364.0000	65.0000	10.0000	58.7102	166.0000	39.0000	166.0000	47.0000	0
155	155	97.0067	56.4785	274.0000	-28.0000	-27.2000	-17.9000	-6.2000	1.0000	7.9000	11.3000	8.9000	3.1000	-4.1000	-15.3000	-24.7000	-16.1000	-13.2000	-2.5000	6.7000	15.2000	22.7000	24.7000	21.1000	14.3000	4.4000	-5.6000	-14.2000	17	14	11	19	36	43	70	62	38	33	25	19	387	-1.4042	12.3917	23.5136	1472.9693	24.7000	-28.0000	52.7000	16.1000	-17.4833	16.1000	-20.5667	387.0000	70.0000	11.0000	58.3426	175.0000	42.0000	175.0000	50.0000	0
156	156	93.2559	55.8533	302.0000	-21.9000	-21.3000	-13.1000	-4.3000	2.7000	9.0000	12.0000	9.4000	3.6000	-3.8000	-13.0000	-19.8000	-12.7000	-11.2000	-2.1000	6.6000	15.4000	22.2000	24.2000	20.9000	14.5000	4.9000	-4.4000	-11.0000	17	14	16	30	52	61	83	74	44	46	35	25	497	0.2833	10.6500	23.1020	1313.8845	24.2000	-21.9000	46.1000	16.2833	-13.7167	16.2833	-16.3167	497.0000	83.0000	14.0000	55.1978	218.0000	47.0000	218.0000	56.0000	0
157	157	92.9880	56.3892	242.0000	-21.4000	-20.9000	-12.8000	-4.3000	2.8000	9.2000	12.1000	9.7000	3.9000	-3.5000	-13.0000	-19.6000	-12.5000	-11.0000	-2.0000	6.5000	15.1000	22.2000	24.3000	20.9000	14.4000	4.7000	-4.7000	-11.0000	19	14	16	28	49	59	76	71	42	45	36	27	482	0.3792	10.3917	22.7389	1308.8396	24.3000	-21.4000	45.7000	16.4000	-13.4333	16.4000	-16.0667	482.0000	76.0000	14.0000	51.7332	206.0000	49.0000	206.0000	60.0000	0
158	158	92.0504	55.9873	535.0000	-22.6000	-22.0000	-14.0000	-5.4000	1.7000	8.1000	10.9000	8.5000	2.5000	-4.6000	-14.4000	-20.6000	-13.1000	-11.5000	-3.1000	5.4000	14.1000	21.1000	23.1000	19.9000	13.3000	3.7000	-5.8000	-11.6000	19	15	16	32	52	66	86	80	47	47	35	27	522	-0.6833	10.6167	23.2312	1299.2049	23.1000	-22.6000	45.7000	15.2667	-14.3833	15.2667	-16.9000	522.0000	86.0000	15.0000	55.3940	232.0000	50.0000	232.0000	61.0000	0
159	159	89.7731	55.5408	382.0000	-23.1000	-22.4000	-14.0000	-4.5000	2.7000	9.2000	12.0000	9.5000	3.4000	-3.5000	-13.8000	-20.4000	-12.9000	-10.5000	-1.9000	7.0000	15.7000	22.4000	24.5000	21.3000	14.8000	5.0000	-5.0000	-11.1000	17	13	13	27	43	62	76	72	43	40	27	21	454	0.1833	11.1833	23.4944	1342.7454	24.5000	-23.1000	47.6000	16.4833	-14.1333	16.4833	-16.7333	454.0000	76.0000	13.0000	58.8428	210.0000	43.0000	210.0000	51.0000	0
160	160	90.0410	55.0943	472.0000	-23.5000	-22.8000	-14.2000	-4.7000	2.4000	8.9000	11.7000	9.1000	3.1000	-3.9000	-14.0000	-20.6000	-12.9000	-10.6000	-2.1000	7.0000	15.6000	22.2000	24.3000	21.2000	14.7000	5.0000	-5.0000	-11.1000	16	12	12	27	45	63	78	74	45	39	26	21	458	-0.0083	11.4000	23.8494	1340.0082	24.3000	-23.5000	47.8000	16.2333	-14.3500	16.2333	-16.9167	458.0000	78.0000	12.0000	61.2413	215.0000	40.0000	215.0000	49.0000	0
161	161	89.9964	54.2459	1027.0000	-25.8000	-25.1000	-16.9000	-7.0000	0.2000	6.5000	9.2000	6.7000	0.6000	-6.2000	-16.0000	-22.7000	-14.9000	-12.6000	-4.6000	4.8000	13.3000	19.7000	21.6000	18.9000	12.5000	2.9000	-6.9000	-12.9000	18	15	15	32	56	72	87	83	54	44	27	23	526	-2.2792	11.5250	24.3143	1326.5205	21.6000	-25.8000	47.4000	13.7667	-16.6500	13.7667	-19.0000	526.0000	87.0000	15.0000	60.0830	242.0000	48.0000	242.0000	56.0000	0
162	162	90.7108	54.7371	419.0000	-23.6000	-22.7000	-13.9000	-4.1000	2.8000	9.3000	12.1000	9.5000	3.3000	-3.6000	-13.7000	-20.5000	-12.6000	-10.1000	-1.4000	7.9000	16.4000	22.8000	24.8000	21.9000	15.4000	5.8000	-4.4000	-10.6000	15	11	11	24	44	61	77	72	45	37	23	19	439	0.4500	11.7500	24.2769	1350.1734	24.8000	-23.6000	48.4000	16.7333	-14.0500	16.7333	-16.6833	439.0000	77.0000	11.0000	64.0366	210.0000	37.0000	210.0000	45.0000	0
163	163	90.2643	53.7101	791.0000	-25.5000	-24.6000	-15.9000	-5.5000	1.6000	8.0000	10.7000	8.1000	1.9000	-4.9000	-14.9000	-22.0000	-14.2000	-11.6000	-3.2000	6.7000	15.4000	21.5000	23.4000	20.8000	14.4000	4.8000	-5.4000	-12.0000	15	12	12	27	50	66	81	76	50	37	22	19	467	-0.9333	11.9667	24.4717	1365.3194	23.4000	-25.5000	48.9000	15.4167	-15.8333	15.4167	-18.3167	467.0000	81.0000	12.0000	64.7050	223.0000	39.0000	223.0000	46.0000	0
164	164	90.8001	54.2459	512.0000	-24.5000	-23.5000	-14.5000	-4.3000	2.6000	9.0000	11.8000	9.2000	2.9000	-3.9000	-14.0000	-21.0000	-13.0000	-10.4000	-1.7000	8.0000	16.5000	22.7000	24.6000	21.9000	15.4000	5.8000	-4.4000	-10.9000	14	11	10	24	45	62	77	73	47	36	21	17	437	0.1792	12.0583	24.5587	1364.0339	24.6000	-24.5000	49.1000	16.5333	-14.6000	16.5333	-17.2167	437.0000	77.0000	10.0000	66.4473	212.0000	35.0000	212.0000	42.0000	0
165	165	91.2020	53.7994	345.0000	-24.8000	-23.6000	-14.0000	-3.4000	3.5000	9.9000	12.8000	10.1000	3.7000	-3.1000	-13.4000	-20.8000	-12.7000	-9.7000	-0.7000	9.5000	18.1000	24.1000	26.0000	23.4000	16.8000	7.2000	-3.4000	-10.3000	12	9	7	20	41	57	72	67	45	31	17	14	392	1.0500	12.6167	24.8360	1402.2936	26.0000	-24.8000	50.8000	17.7167	-14.2500	17.7167	-16.9833	392.0000	72.0000	7.0000	71.1524	196.0000	28.0000	196.0000	35.0000	0
166	166	90.5769	53.1296	339.0000	-24.9000	-23.8000	-14.4000	-2.9000	4.3000	10.6000	13.3000	10.6000	4.4000	-2.6000	-12.8000	-20.8000	-13.1000	-10.2000	-1.1000	9.9000	18.9000	24.7000	26.4000	23.9000	17.6000	7.9000	-2.9000	-10.6000	11	9	8	19	40	55	68	63	42	29	16	14	374	1.3500	12.5333	24.4314	1437.8788	26.4000	-24.9000	51.3000	18.2500	-14.5833	18.2500	-17.2333	374.0000	68.0000	8.0000	70.0670	186.0000	28.0000	186.0000	34.0000	0
167	167	91.9164	54.5138	477.0000	-24.4000	-23.4000	-14.3000	-4.4000	2.4000	8.8000	11.7000	9.1000	2.8000	-4.1000	-14.2000	-21.0000	-13.0000	-10.6000	-1.8000	7.7000	16.3000	22.6000	24.5000	21.8000	15.2000	5.6000	-4.5000	-10.9000	16	12	12	28	50	65	85	79	51	41	25	20	484	0.0792	11.9917	24.5228	1358.3922	24.5000	-24.4000	48.9000	16.4167	-14.5833	16.4167	-17.2167	484.0000	85.0000	12.0000	63.8910	229.0000	40.0000	229.0000	48.0000	0
168	168	92.1843	53.8440	266.0000	-25.3000	-24.1000	-14.3000	-3.2000	3.7000	10.1000	12.9000	10.3000	3.9000	-3.0000	-13.5000	-21.2000	-13.2000	-10.3000	-0.9000	9.6000	18.5000	24.5000	26.2000	23.7000	17.2000	7.5000	-3.3000	-10.6000	14	11	10	25	47	61	80	74	50	37	22	18	449	1.0500	12.7167	24.6926	1431.6583	26.2000	-25.3000	51.5000	17.9500	-14.6833	17.9500	-17.4500	449.0000	80.0000	10.0000	66.0818	215.0000	35.0000	215.0000	43.0000	0
169	169	91.9611	53.3082	286.0000	-26.4000	-25.1000	-15.0000	-3.1000	3.9000	10.3000	13.1000	10.5000	4.1000	-2.9000	-13.6000	-21.9000	-14.0000	-10.9000	-1.3000	10.0000	19.0000	24.9000	26.6000	24.2000	17.7000	8.0000	-3.2000	-11.2000	13	10	9	24	45	59	77	71	49	34	20	16	427	0.9875	12.9917	24.5126	1478.4346	26.6000	-26.4000	53.0000	18.2667	-15.4500	18.2667	-18.2500	427.0000	77.0000	9.0000	67.8978	207.0000	32.0000	207.0000	39.0000	0
170	170	103.4811	52.9957	420.0000	-26.0000	-24.6000	-15.8000	-5.1000	1.7000	7.7000	11.4000	9.3000	2.7000	-4.8000	-15.3000	-22.6000	-15.7000	-11.0000	-0.8000	8.0000	16.8000	22.7000	24.4000	21.8000	15.4000	6.1000	-5.2000	-13.3000	11	9	10	19	32	59	104	86	52	23	19	17	441	-0.5083	12.5500	24.9008	1416.7373	24.4000	-26.0000	50.4000	16.2167	-15.6500	16.2167	-18.8667	441.0000	104.0000	9.0000	86.2681	249.0000	30.0000	249.0000	37.0000	0
171	171	106.3835	54.0673	643.0000	-30.8000	-29.2000	-20.1000	-7.8000	-0.9000	5.5000	9.7000	8.1000	1.0000	-7.0000	-18.5000	-26.7000	-20.8000	-16.0000	-4.7000	4.7000	13.8000	20.7000	22.8000	20.4000	13.2000	3.1000	-8.6000	-17.0000	10	7	6	12	24	48	83	73	41	18	18	18	358	-3.5458	12.3583	23.0566	1530.6749	22.8000	-30.8000	53.6000	14.5333	-20.2667	14.5333	-23.4167	358.0000	83.0000	6.0000	86.9377	204.0000	23.0000	204.0000	35.0000	0
172	172	105.8476	54.3352	771.0000	-32.1000	-30.5000	-21.3000	-8.6000	-1.5000	5.0000	9.1000	7.3000	0.2000	-8.0000	-19.9000	-28.5000	-22.2000	-17.1000	-5.3000	4.0000	13.3000	20.5000	22.5000	19.8000	12.5000	2.3000	-9.8000	-18.7000	11	8	7	13	27	52	87	81	42	18	18	17	381	-4.4583	12.5500	22.9853	1567.7906	22.5000	-32.1000	54.6000	14.0333	-21.4167	14.0333	-24.8500	381.0000	87.0000	7.0000	87.9137	220.0000	26.0000	220.0000	36.0000	0
173	173	105.5351	51.4775	1022.0000	-27.5000	-25.6000	-16.7000	-6.5000	0.1000	6.8000	10.0000	8.0000	0.9000	-7.0000	-17.1000	-24.0000	-17.5000	-13.4000	-3.5000	6.1000	14.7000	20.8000	22.1000	19.8000	13.2000	4.0000	-7.0000	-14.8000	14	9	16	30	43	92	141	109	82	31	23	19	609	-2.2542	11.9250	24.0423	1413.2819	22.1000	-27.5000	49.6000	14.5833	-17.3667	14.5833	-20.4667	609.0000	141.0000	9.0000	86.4554	342.0000	39.0000	342.0000	42.0000	0
174	174	106.0262	50.8077	1049.0000	-27.7000	-25.4000	-16.2000	-6.0000	0.8000	7.8000	10.9000	8.7000	1.4000	-6.8000	-17.0000	-24.2000	-17.6000	-13.5000	-3.0000	7.0000	15.5000	21.7000	22.7000	20.6000	13.8000	4.6000	-6.7000	-14.9000	8	6	10	22	31	80	117	93	63	22	15	10	477	-1.8125	11.9917	23.7930	1448.1197	22.7000	-27.7000	50.4000	15.4000	-17.2333	15.4000	-20.5500	477.0000	117.0000	6.0000	96.5445	290.0000	24.0000	290.0000	24.0000	0
175	175	105.8476	50.1826	773.0000	-28.4000	-26.0000	-15.2000	-4.4000	2.5000	9.4000	12.4000	10.3000	2.5000	-6.0000	-16.8000	-24.9000	-17.7000	-13.1000	-1.3000	9.5000	17.9000	23.7000	24.6000	22.4000	15.8000	6.6000	-5.4000	-14.7000	5	4	7	15	20	65	96	83	44	16	9	6	370	-0.6792	12.7417	24.0409	1528.2528	24.6000	-28.4000	53.0000	17.1333	-20.8000	17.1333	-20.8000	370.0000	96.0000	4.0000	106.8780	244.0000	15.0000	244.0000	15.0000	0
176	176	106.9639	50.4059	790.0000	-28.8000	-26.2000	-15.4000	-4.9000	2.4000	9.5000	12.6000	10.3000	2.7000	-5.9000	-16.8000	-25.2000	-18.5000	-14.0000	-2.2000	8.5000	17.3000	23.4000	24.6000	22.3000	15.4000	5.8000	-6.2000	-15.7000	4	3	4	11	19	62	89	77	39	13	7	5	333	-1.0417	12.2000	22.8464	1549.9631	24.6000	-28.8000	53.4000	17.1167	-17.5167	17.1167	-21.4000	333.0000	89.0000	3.0000	112.6025	228.0000	11.0000	228.0000	12.0000	0
177	177	106.9193	51.0310	748.0000	-28.2000	-25.7000	-15.5000	-5.2000	1.8000	9.0000	12.2000	10.0000	2.5000	-5.9000	-16.6000	-24.4000	-18.0000	-13.5000	-2.4000	7.8000	16.6000	23.0000	24.2000	21.9000	15.0000	5.3000	-6.4000	-15.1000	6	4	5	13	21	61	90	73	45	14	10	9	351	-1.1500	12.0333	22.9644	1510.2498	24.2000	-28.2000	52.4000	16.7167	-17.2167	16.7167	-20.8167	351.0000	90.0000	4.0000	102.9377	224.0000	15.0000	224.0000	19.0000	0
178	178	106.6514	51.4329	650.0000	-27.8000	-25.5000	-15.5000	-5.2000	1.7000	8.7000	12.1000	9.9000	2.6000	-5.7000	-16.3000	-24.0000	-17.7000	-13.2000	-2.3000	7.6000	16.5000	22.8000	24.2000	21.9000	15.0000	5.3000	-6.3000	-14.7000	8	5	6	15	24	62	94	72	53	18	14	12	383	-1.0792	12.0083	23.0929	1492.8184	24.2000	-27.8000	52.0000	16.6000	-17.0000	16.6000	-20.4833	383.0000	94.0000	5.0000	94.6519	228.0000	19.0000	228.0000	25.0000	0
179	179	107.0979	51.6115	721.0000	-29.0000	-26.7000	-16.4000	-5.8000	1.1000	8.3000	11.8000	9.6000	2.1000	-6.2000	-17.1000	-24.9000	-18.7000	-14.0000	-3.0000	7.0000	15.9000	22.5000	23.9000	21.6000	14.5000	4.7000	-7.0000	-15.5000	6	4	4	12	20	55	86	69	43	14	12	11	336	-1.7208	12.0917	22.8576	1518.3566	23.9000	-29.0000	52.9000	16.2833	-17.9667	16.2833	-21.4667	336.0000	86.0000	4.0000	100.4166	210.0000	14.0000	210.0000	21.0000	0
180	180	107.2765	52.2366	777.0000	-29.6000	-27.6000	-17.7000	-6.8000	0.0000	7.0000	10.7000	8.8000	1.5000	-6.7000	-17.4000	-25.1000	-19.3000	-14.7000	-3.9000	5.7000	14.6000	21.4000	23.0000	20.8000	13.7000	3.9000	-7.5000	-15.7000	7	5	4	12	21	51	86	69	42	14	15	15	341	-2.5375	12.0750	22.9563	1499.5683	23.0000	-29.6000	52.6000	15.2833	-18.8000	15.2833	-22.0000	341.0000	86.0000	4.0000	95.8047	206.0000	16.0000	206.0000	27.0000	0
181	181	107.4104	51.7901	527.0000	-29.1000	-26.8000	-16.0000	-5.2000	1.7000	9.0000	12.6000	10.4000	2.8000	-5.6000	-16.7000	-24.8000	-18.6000	-13.6000	-2.3000	7.7000	16.8000	23.5000	24.9000	22.5000	15.3000	5.4000	-6.5000	-15.1000	5	3	2	7	14	44	71	60	32	10	11	11	270	-1.1542	12.3083	22.7932	1546.9699	24.9000	-29.1000	54.0000	17.1500	-17.7333	17.1500	-21.3333	270.0000	71.0000	2.0000	105.0979	175.0000	10.0000	175.0000	19.0000	0
182	182	107.5444	51.3436	910.0000	-29.9000	-27.7000	-17.2000	-6.5000	0.5000	7.9000	11.2000	9.0000	1.5000	-6.9000	-17.8000	-25.8000	-19.4000	-14.8000	-3.6000	6.4000	15.3000	22.1000	23.3000	21.0000	13.9000	4.2000	-7.5000	-16.1000	5	4	4	11	20	57	89	75	39	13	11	10	338	-2.3708	12.2083	22.9480	1528.4892	23.3000	-29.9000	53.2000	15.7500	-18.7667	15.7500	-22.2833	338.0000	89.0000	4.0000	105.7730	221.0000	13.0000	221.0000	19.0000	0
183	183	108.9732	52.0580	600.0000	-29.6000	-27.7000	-17.7000	-6.6000	0.1000	6.9000	11.0000	9.3000	2.1000	-5.8000	-16.5000	-24.5000	-18.5000	-14.2000	-3.6000	6.2000	15.1000	21.6000	23.6000	21.6000	14.7000	5.3000	-5.9000	-14.3000	7	4	4	11	18	47	82	70	37	15	17	16	328	-1.9750	12.5500	23.5902	1493.9872	23.6000	-29.6000	53.2000	15.6667	-18.5500	15.6667	-21.4667	328.0000	82.0000	4.0000	95.7382	199.0000	15.0000	199.0000	27.0000	0
184	184	109.3305	53.4422	533.0000	-29.7000	-28.2000	-19.1000	-7.5000	-1.0000	5.4000	9.8000	9.0000	2.2000	-5.3000	-15.6000	-23.5000	-19.4000	-15.7000	-5.2000	4.4000	13.1000	20.2000	22.7000	21.0000	14.0000	4.7000	-5.8000	-13.8000	12	5	5	13	18	39	79	66	42	22	31	30	362	-2.6375	11.9750	22.8531	1467.3943	22.7000	-29.7000	52.4000	13.1167	-19.5500	14.6833	-21.7167	362.0000	79.0000	5.0000	77.3789	187.0000	22.0000	184.0000	47.0000	0
185	185	110.1342	54.1119	489.0000	-31.2000	-29.6000	-19.6000	-7.5000	0.0000	7.0000	10.9000	9.6000	2.5000	-5.8000	-17.3000	-25.9000	-20.1000	-16.3000	-4.8000	5.0000	14.1000	22.1000	24.2000	21.9000	14.6000	4.6000	-7.0000	-15.6000	9	5	5	13	18	39	75	62	40	18	23	21	328	-2.6750	12.4667	22.5030	1571.9928	24.2000	-31.2000	55.4000	13.9500	-20.2667	15.9500	-23.1167	328.0000	75.0000	5.0000	82.1241	177.0000	19.0000	176.0000	35.0000	0
186	186	111.9649	56.1213	554.0000	-32.7000	-31.8000	-23.1000	-11.0000	-1.6000	5.1000	9.2000	7.6000	0.9000	-8.5000	-21.2000	-29.1000	-20.4000	-16.5000	-5.7000	3.4000	12.4000	20.7000	23.3000	20.8000	13.0000	2.3000	-9.6000	-17.6000	9	7	7	15	27	49	81	73	46	18	14	13	359	-4.5875	13.5250	24.1518	1583.7099	23.3000	-32.7000	56.0000	14.4500	-21.7000	14.4500	-24.6833	359.0000	81.0000	7.0000	87.2168	203.0000	23.0000	203.0000	29.0000	0
187	187	116.3854	39.6449	32.0000	-9.3000	-6.5000	-0.4000	7.4000	13.7000	18.4000	21.6000	20.4000	14.4000	7.4000	-0.3000	-6.6000	1.1000	4.0000	11.0000	20.0000	26.7000	30.4000	30.9000	29.5000	25.8000	19.0000	9.8000	2.9000	3	2	10	16	28	76	219	189	46	12	6	4	611	12.1375	10.9083	27.1352	1122.3051	30.9000	-9.3000	40.2000	25.2000	-2.4000	25.2000	-2.4000	611.0000	219.0000	2.0000	147.2256	484.0000	9.0000	484.0000	9.0000	0
188	188	102.6774	28.2588	2830.0000	-5.9000	-4.3000	-0.8000	3.0000	6.8000	9.7000	11.6000	11.0000	8.6000	4.7000	-0.2000	-4.2000	7.0000	8.7000	12.8000	15.9000	17.6000	18.0000	19.5000	19.2000	16.4000	13.2000	10.2000	7.9000	8	12	23	56	119	208	247	213	168	81	23	8	1166	8.6000	10.5333	41.4698	537.8197	19.5000	-5.9000	25.4000	14.8333	1.5333	14.8333	1.5333	1166.0000	247.0000	8.0000	92.9656	668.0000	28.0000	668.0000	28.0000	0
189	189	93.6497	45.5404	1678.0000	-23.0000	-19.5000	-10.7000	-1.4000	5.4000	11.4000	13.0000	11.2000	5.0000	-3.1000	-13.0000	-20.3000	-8.8000	-4.9000	3.3000	12.2000	19.3000	24.7000	25.7000	24.5000	19.0000	10.3000	0.1000	-7.1000	1	1	2	6	7	18	23	20	9	5	2	1	95	3.0542	13.6083	27.9432	1310.8593	25.7000	-23.0000	48.7000	18.4167	-13.9333	18.4167	-13.9333	95.0000	23.0000	1.0000	100.9749	61.0000	3.0000	61.0000	3.0000	0
190	190	93.4573	45.5596	1676.0000	-23.4000	-19.9000	-10.8000	-1.4000	5.5000	11.6000	13.1000	11.3000	5.1000	-3.1000	-13.1000	-20.7000	-9.1000	-5.2000	3.3000	12.3000	19.4000	24.8000	25.9000	24.7000	19.1000	10.4000	0.0000	-7.4000	1	1	2	7	7	17	22	20	9	6	2	1	95	3.0167	13.6667	27.7214	1330.2962	25.9000	-23.4000	49.3000	18.5667	-14.2833	18.5667	-14.2833	95.0000	22.0000	1.0000	96.8691	59.0000	3.0000	59.0000	3.0000	0
191	191	93.3418	45.5981	1697.0000	-23.7000	-20.1000	-10.9000	-1.4000	5.4000	11.5000	13.0000	11.2000	4.9000	-3.2000	-13.3000	-21.0000	-9.3000	-5.4000	3.1000	12.3000	19.3000	24.8000	25.8000	24.6000	19.0000	10.3000	-0.1000	-7.6000	1	1	2	7	7	17	23	20	9	6	2	1	96	2.8833	13.7000	27.6768	1336.0259	25.8000	-23.7000	49.5000	18.4833	-14.5167	18.4833	-14.5167	96.0000	23.0000	1.0000	97.9912	60.0000	3.0000	60.0000	3.0000	0
192	192	93.1109	45.5789	1548.0000	-24.0000	-20.2000	-10.2000	-0.6000	6.3000	12.5000	14.0000	12.0000	5.7000	-2.6000	-13.0000	-21.1000	-9.5000	-5.3000	3.9000	13.3000	20.5000	25.9000	27.0000	25.7000	20.0000	11.1000	0.2000	-7.7000	1	1	2	7	7	15	21	18	8	6	3	1	90	3.4958	13.8583	27.1732	1382.3555	27.0000	-24.0000	51.0000	19.5167	-14.6333	19.5167	-14.6333	90.0000	21.0000	1.0000	92.4635	54.0000	3.0000	54.0000	3.0000	0
193	193	92.7453	45.5789	1610.0000	-24.5000	-20.9000	-10.5000	-0.8000	6.2000	12.2000	13.7000	11.8000	5.3000	-3.0000	-13.4000	-21.7000	-9.9000	-5.8000	3.6000	13.1000	20.3000	25.7000	26.8000	25.5000	19.7000	10.9000	-0.1000	-8.2000	1	1	2	8	8	14	22	19	9	6	3	2	95	3.1667	13.9333	27.1605	1393.7920	26.8000	-24.5000	51.3000	19.2833	-11.3333	19.2833	-15.1667	95.0000	22.0000	1.0000	89.5553	55.0000	4.0000	55.0000	4.0000	0
194	194	92.9377	45.2132	1561.0000	-23.1000	-19.5000	-9.8000	-0.5000	6.4000	12.4000	14.0000	12.1000	5.7000	-2.5000	-12.5000	-20.4000	-8.7000	-4.7000	4.1000	13.3000	20.5000	25.7000	27.0000	25.7000	20.0000	11.2000	0.5000	-7.1000	1	1	2	8	8	17	23	20	10	6	3	2	101	3.7417	13.7667	27.4784	1351.9932	27.0000	-23.1000	50.1000	19.4833	-10.2833	19.4833	-13.9167	101.0000	23.0000	1.0000	91.3958	60.0000	4.0000	60.0000	4.0000	0
195	195	92.6298	45.2517	1555.0000	-23.5000	-20.0000	-9.9000	-0.5000	6.5000	12.5000	14.0000	12.1000	5.6000	-2.6000	-12.7000	-20.8000	-9.0000	-5.0000	4.1000	13.3000	20.6000	25.8000	27.1000	25.8000	20.1000	11.2000	0.4000	-7.4000	2	1	2	8	8	15	22	19	9	6	3	2	97	3.6542	13.8583	27.3880	1368.9486	27.1000	-23.5000	50.6000	19.5500	-10.5500	19.5500	-14.2833	97.0000	22.0000	1.0000	87.7088	56.0000	5.0000	56.0000	5.0000	0
196	196	92.2065	45.2325	1549.0000	-23.6000	-20.2000	-10.0000	-0.5000	6.5000	12.4000	13.9000	12.0000	5.4000	-2.7000	-12.8000	-20.9000	-9.0000	-5.2000	3.9000	13.2000	20.5000	25.8000	27.1000	25.8000	20.0000	11.1000	0.2000	-7.4000	2	1	2	9	8	14	23	19	9	7	4	2	100	3.5625	13.8750	27.3669	1371.0217	27.1000	-23.6000	50.7000	19.5000	-10.6833	19.5000	-14.3833	100.0000	23.0000	1.0000	85.3655	56.0000	5.0000	56.0000	5.0000	0
197	197	91.9948	45.1747	1590.0000	-23.5000	-20.3000	-10.2000	-0.8000	6.2000	12.0000	13.6000	11.7000	5.2000	-2.9000	-12.9000	-20.8000	-8.9000	-5.4000	3.6000	12.9000	20.2000	25.3000	26.7000	25.4000	19.6000	10.8000	0.1000	-7.4000	2	2	3	9	8	14	24	19	10	7	4	3	105	3.3417	13.8000	27.4900	1355.9211	26.7000	-23.5000	50.2000	19.1167	-10.7833	19.1167	-14.3833	105.0000	24.0000	2.0000	80.8306	57.0000	7.0000	57.0000	7.0000	0
198	198	91.9755	45.5981	1141.0000	-24.9000	-21.4000	-9.4000	0.5000	7.9000	13.7000	15.3000	13.0000	6.4000	-1.8000	-12.6000	-21.9000	-9.7000	-5.6000	5.1000	15.2000	22.8000	28.0000	29.3000	27.8000	22.0000	12.8000	0.8000	-8.0000	2	1	2	7	5	6	15	14	6	6	4	2	70	4.3875	14.6417	27.0141	1474.2581	29.3000	-24.9000	54.2000	21.1833	-10.9833	21.1833	-15.2500	70.0000	15.0000	1.0000	77.3014	35.0000	5.0000	35.0000	5.0000	0
199	199	91.7639	45.4442	1079.0000	-24.0000	-20.7000	-9.2000	0.8000	8.0000	13.6000	15.5000	13.2000	6.6000	-1.5000	-12.1000	-21.0000	-9.0000	-5.0000	5.2000	15.4000	22.9000	27.9000	29.5000	28.0000	22.1000	13.1000	1.2000	-7.3000	2	1	2	7	5	7	16	13	7	6	5	3	74	4.7167	14.5667	27.2274	1448.9437	29.5000	-24.0000	53.5000	21.2833	-10.4500	21.2833	-14.5000	74.0000	16.0000	1.0000	72.4662	36.0000	5.0000	36.0000	6.0000	0
200	200	92.4951	45.6558	1307.0000	-25.0000	-21.2000	-9.6000	0.3000	7.6000	13.6000	15.1000	12.9000	6.3000	-2.0000	-12.8000	-22.1000	-10.1000	-5.7000	4.8000	14.8000	22.2000	27.6000	28.7000	27.3000	21.4000	12.3000	0.5000	-8.4000	1	1	2	7	6	9	17	15	7	5	4	2	76	4.1042	14.3583	26.7381	1467.2972	28.7000	-25.0000	53.7000	20.8667	-11.1333	20.8667	-15.4167	76.0000	17.0000	1.0000	82.2744	41.0000	4.0000	41.0000	4.0000	0
201	201	92.6875	45.6366	1582.0000	-24.9000	-21.2000	-10.5000	-0.7000	6.3000	12.4000	13.9000	11.8000	5.3000	-2.9000	-13.5000	-22.1000	-10.2000	-6.0000	3.7000	13.3000	20.5000	26.0000	27.0000	25.7000	19.9000	11.0000	-0.1000	-8.4000	1	1	2	8	7	13	21	19	8	6	3	1	90	3.1792	14.0417	27.0552	1412.5597	27.0000	-24.9000	51.9000	19.4667	-15.4667	19.4667	-15.4667	90.0000	21.0000	1.0000	92.1132	53.0000	3.0000	53.0000	3.0000	0
202	202	96.7479	44.9823	1198.0000	-24.6000	-20.6000	-9.9000	-0.7000	7.6000	13.6000	15.6000	13.9000	6.8000	-2.6000	-13.3000	-20.9000	-9.8000	-3.8000	6.7000	15.9000	24.2000	29.2000	30.4000	28.5000	22.4000	12.9000	1.4000	-7.2000	1	1	1	2	2	7	15	13	4	2	1	1	50	4.8208	15.4917	28.1667	1473.3426	30.4000	-24.6000	55.0000	21.8667	-10.3333	21.8667	-14.4833	50.0000	15.0000	1.0000	118.3892	35.0000	3.0000	35.0000	3.0000	0
203	203	96.6517	43.4044	1471.0000	-20.6000	-17.7000	-9.5000	-1.2000	6.2000	12.0000	13.9000	12.3000	5.8000	-2.5000	-11.7000	-17.9000	-6.3000	-2.4000	5.9000	14.4000	21.9000	26.7000	28.1000	26.8000	20.9000	12.5000	2.3000	-4.3000	1	1	1	3	3	10	19	12	5	2	1	1	59	4.8167	14.7833	30.3559	1277.0177	28.1000	-20.6000	48.7000	19.9667	-8.4333	19.9667	-11.5333	59.0000	19.0000	1.0000	117.4672	41.0000	3.0000	41.0000	3.0000	0
204	204	96.7286	43.4621	1190.0000	-20.3000	-17.1000	-8.2000	0.2000	7.7000	13.5000	15.5000	13.9000	7.2000	-1.3000	-10.8000	-17.4000	-6.0000	-1.5000	7.4000	16.2000	23.8000	28.7000	30.0000	28.6000	22.7000	14.0000	3.3000	-4.0000	1	1	1	2	2	8	16	10	4	2	1	1	49	6.0875	15.0250	29.8708	1326.9567	30.0000	-20.3000	50.3000	21.7000	-7.6167	21.7000	-11.0500	49.0000	16.0000	1.0000	117.4296	34.0000	3.0000	34.0000	3.0000	0
205	205	98.5760	42.9810	1716.0000	-20.5000	-18.1000	-11.2000	-3.1000	3.9000	9.9000	12.0000	10.5000	4.4000	-3.9000	-12.5000	-18.2000	-6.2000	-2.7000	4.0000	12.4000	19.4000	24.6000	26.0000	24.7000	19.2000	10.9000	1.6000	-4.4000	1	1	1	3	3	11	24	18	7	2	1	1	73	3.4458	14.6917	31.5950	1202.8025	26.0000	-20.5000	46.5000	17.9500	-9.1167	17.9500	-11.6833	73.0000	24.0000	1.0000	126.6458	53.0000	3.0000	53.0000	3.0000	0
206	206	99.0186	44.2318	1654.0000	-22.3000	-20.5000	-14.0000	-5.3000	1.7000	7.9000	10.0000	8.4000	2.5000	-5.9000	-14.6000	-20.1000	-7.8000	-4.2000	1.6000	10.5000	17.6000	22.9000	24.0000	22.7000	17.5000	9.0000	0.0000	-6.1000	1	1	1	3	3	11	25	22	8	3	1	1	80	1.4792	14.9917	32.3794	1200.8926	24.0000	-22.3000	46.3000	15.9833	-11.2000	15.9833	-13.5000	80.0000	25.0000	1.0000	127.3328	58.0000	3.0000	58.0000	3.0000	0
207	207	98.9609	44.1549	1566.0000	-22.1000	-20.1000	-13.3000	-4.7000	2.3000	8.5000	10.6000	9.0000	3.0000	-5.4000	-14.1000	-19.8000	-7.5000	-3.8000	2.3000	11.2000	18.4000	23.6000	24.8000	23.4000	18.1000	9.7000	0.4000	-5.9000	1	1	1	3	3	10	23	20	8	3	1	1	75	2.0250	15.0667	32.1251	1214.2609	24.8000	-22.1000	46.9000	16.6500	-10.7500	16.6500	-13.2000	75.0000	23.0000	1.0000	123.5829	53.0000	3.0000	53.0000	3.0000	0
208	208	99.0378	44.5397	2054.0000	-23.5000	-21.8000	-15.7000	-6.9000	0.0000	6.4000	8.5000	6.8000	0.8000	-7.5000	-16.1000	-21.3000	-8.8000	-5.5000	-0.2000	8.5000	15.5000	21.0000	22.1000	20.7000	15.5000	7.1000	-1.4000	-7.1000	1	2	2	5	4	15	31	29	11	4	2	1	107	-0.1208	14.8083	32.4744	1177.9729	22.1000	-23.5000	45.6000	14.2500	-13.0333	14.2500	-14.6667	107.0000	31.0000	1.0000	120.2630	75.0000	4.0000	75.0000	4.0000	0
209	209	99.2880	44.5782	2191.0000	-23.3000	-21.7000	-15.8000	-7.0000	-0.1000	6.4000	8.4000	6.8000	0.7000	-7.6000	-16.1000	-21.3000	-8.9000	-5.6000	-0.5000	8.2000	15.1000	20.8000	21.8000	20.5000	15.1000	6.8000	-1.6000	-7.2000	1	2	2	6	5	17	34	33	13	4	2	1	120	-0.2542	14.5917	32.3540	1172.0368	21.8000	-23.3000	45.1000	14.1167	-13.0667	14.1167	-14.6667	120.0000	34.0000	1.0000	120.3782	84.0000	4.0000	84.0000	4.0000	0
210	210	100.8852	43.7507	1280.0000	-19.6000	-17.2000	-9.8000	-1.4000	6.0000	11.9000	13.9000	12.4000	6.2000	-2.0000	-11.1000	-17.4000	-5.9000	-1.8000	5.1000	14.2000	21.7000	26.7000	27.8000	26.4000	20.9000	12.6000	2.5000	-4.3000	1	1	1	2	3	11	27	22	8	3	1	0	80	4.9083	14.5000	30.5907	1255.3501	27.8000	-19.6000	47.4000	19.8500	-9.3000	19.8500	-11.0333	80.0000	27.0000	0.0000	134.9747	60.0000	2.0000	60.0000	2.0000	0
211	211	100.9622	43.2119	1846.0000	-20.0000	-17.5000	-10.4000	-2.4000	4.8000	11.0000	12.7000	11.3000	5.0000	-3.0000	-11.8000	-17.9000	-6.4000	-2.6000	4.0000	12.5000	19.7000	25.2000	26.1000	24.8000	19.1000	11.0000	1.6000	-4.8000	1	1	1	2	4	14	36	31	12	3	1	0	106	3.8333	14.0333	30.4411	1217.4943	26.1000	-20.0000	46.1000	18.5167	-9.8833	18.5167	-11.5333	106.0000	36.0000	0.0000	140.4730	81.0000	2.0000	81.0000	2.0000	0
212	212	101.7511	43.4428	1442.0000	-19.6000	-17.0000	-9.4000	-1.1000	6.5000	12.4000	14.4000	12.9000	6.4000	-1.9000	-10.9000	-17.4000	-6.1000	-2.0000	5.2000	14.1000	21.8000	26.9000	28.1000	26.6000	20.8000	12.5000	2.4000	-4.4000	1	1	1	3	5	13	28	25	9	3	1	0	90	5.0500	14.2167	29.8043	1269.8944	28.1000	-19.6000	47.7000	20.2167	-9.3333	20.2167	-11.0833	90.0000	28.0000	0.0000	129.0838	66.0000	2.0000	66.0000	2.0000	0
213	213	103.7524	43.5968	2249.0000	-22.9000	-20.0000	-13.2000	-4.9000	2.9000	8.7000	10.9000	9.4000	3.0000	-5.2000	-14.2000	-20.6000	-9.9000	-6.5000	0.4000	9.0000	16.7000	21.8000	23.2000	21.6000	15.8000	8.0000	-1.5000	-8.0000	1	2	4	8	16	28	46	44	17	6	3	1	176	1.0208	13.0583	28.3261	1240.6623	23.2000	-22.9000	46.1000	15.9333	-14.6500	15.9333	-14.6500	176.0000	46.0000	1.0000	111.2898	118.0000	4.0000	118.0000	4.0000	0
214	214	103.7140	43.7700	1877.0000	-22.1000	-19.0000	-11.7000	-3.2000	4.7000	10.5000	12.7000	11.2000	4.6000	-3.8000	-13.0000	-19.7000	-8.7000	-5.0000	2.2000	11.1000	19.0000	24.1000	25.3000	23.7000	17.9000	9.9000	0.0000	-6.8000	1	2	4	7	14	24	37	38	15	5	3	1	151	2.6625	13.4583	28.3931	1276.7682	25.3000	-22.1000	47.4000	17.9167	-13.5500	17.9167	-13.5500	151.0000	38.0000	1.0000	107.5565	99.0000	4.0000	99.0000	4.0000	0
215	215	103.1751	43.8470	2045.0000	-22.3000	-19.5000	-12.5000	-4.1000	3.7000	9.6000	11.7000	10.2000	3.7000	-4.6000	-13.6000	-20.0000	-8.9000	-5.4000	1.4000	10.1000	17.9000	23.1000	24.3000	22.7000	17.0000	8.9000	-0.6000	-7.2000	1	2	4	7	14	25	42	41	16	5	3	1	161	1.9000	13.4167	28.7911	1250.6453	24.3000	-22.3000	46.6000	16.9333	-13.8833	16.9333	-13.8833	161.0000	42.0000	1.0000	111.6185	108.0000	4.0000	108.0000	4.0000	0
216	216	102.8095	43.7123	1891.0000	-21.4000	-18.7000	-11.6000	-3.2000	4.5000	10.5000	12.5000	11.0000	4.5000	-3.8000	-12.8000	-19.2000	-8.1000	-4.5000	2.4000	11.3000	19.0000	24.2000	25.4000	23.8000	18.0000	9.9000	0.2000	-6.3000	1	2	3	6	12	22	38	37	14	5	3	1	144	2.8167	13.5833	29.0242	1255.3691	25.4000	-21.4000	46.8000	17.9000	-13.0333	17.9000	-13.0333	144.0000	38.0000	1.0000	112.1980	97.0000	4.0000	97.0000	4.0000	0
217	217	102.5209	43.7700	1702.0000	-20.8000	-18.1000	-10.9000	-2.4000	5.3000	11.3000	13.3000	11.8000	5.2000	-3.1000	-12.1000	-18.6000	-7.4000	-3.6000	3.4000	12.4000	20.1000	25.2000	26.4000	24.8000	19.1000	10.9000	1.0000	-5.7000	1	1	3	5	10	19	35	33	13	4	2	1	127	3.6458	13.8083	29.2549	1265.1311	26.4000	-20.8000	47.2000	18.8000	-12.3667	18.8000	-12.3667	127.0000	35.0000	1.0000	115.9662	87.0000	3.0000	87.0000	3.0000	0
218	218	102.5401	43.5198	1753.0000	-20.8000	-18.0000	-10.8000	-2.4000	5.3000	11.2000	13.3000	11.8000	5.3000	-3.0000	-12.0000	-18.5000	-7.3000	-3.5000	3.5000	12.4000	20.0000	25.2000	26.4000	24.9000	19.1000	10.9000	1.0000	-5.6000	1	1	3	5	9	18	34	32	12	4	2	1	122	3.6833	13.8000	29.2373	1261.4518	26.4000	-20.8000	47.2000	18.8000	-12.2833	18.8000	-12.2833	122.0000	34.0000	1.0000	116.5958	84.0000	3.0000	84.0000	3.0000	0
219	219	102.0975	43.5776	1802.0000	-20.7000	-18.1000	-11.0000	-2.7000	4.9000	10.9000	12.8000	11.3000	4.9000	-3.3000	-12.2000	-18.5000	-7.3000	-3.5000	3.2000	12.1000	19.6000	24.8000	26.0000	24.5000	18.7000	10.6000	0.9000	-5.6000	1	1	2	5	8	18	36	33	12	4	2	1	123	3.4292	13.8083	29.5682	1244.6147	26.0000	-20.7000	46.7000	18.3833	-12.2833	18.3833	-12.2833	123.0000	36.0000	1.0000	121.5781	87.0000	3.0000	87.0000	3.0000	0
220	220	101.7319	43.6353	1643.0000	-20.2000	-17.7000	-10.5000	-2.2000	5.3000	11.3000	13.3000	11.7000	5.4000	-2.8000	-11.8000	-18.1000	-6.8000	-2.9000	3.9000	12.8000	20.4000	25.5000	26.6000	25.2000	19.5000	11.3000	1.4000	-5.1000	1	1	2	4	6	16	34	30	11	3	1	0	109	3.9792	14.0083	29.9323	1248.2960	26.6000	-20.2000	46.8000	18.9333	-10.1000	18.9333	-11.8000	109.0000	34.0000	0.0000	129.0264	80.0000	2.0000	80.0000	2.0000	0
221	221	104.0603	43.4044	2372.0000	-23.2000	-20.2000	-13.6000	-5.3000	2.4000	8.2000	10.5000	8.9000	2.6000	-5.5000	-14.6000	-20.8000	-10.3000	-7.0000	-0.2000	8.2000	15.9000	21.1000	22.5000	20.9000	15.1000	7.4000	-2.0000	-8.4000	1	2	5	8	16	29	49	46	18	6	3	1	184	0.5250	12.8167	28.0452	1230.5976	22.5000	-23.2000	45.7000	15.3500	-14.9833	15.3500	-14.9833	184.0000	49.0000	1.0000	112.2157	124.0000	4.0000	124.0000	4.0000	0
222	222	105.3496	42.7116	1384.0000	-19.8000	-16.4000	-8.8000	-0.2000	7.5000	13.0000	15.8000	14.2000	7.7000	-0.6000	-10.3000	-17.3000	-7.3000	-3.2000	4.9000	14.0000	21.8000	26.7000	28.5000	26.6000	20.6000	12.5000	1.9000	-5.5000	1	1	2	4	7	15	29	26	10	4	2	1	102	5.2625	13.0583	27.0359	1313.3512	28.5000	-19.8000	48.3000	20.8000	-11.5833	20.8000	-11.5833	102.0000	29.0000	1.0000	115.8689	70.0000	3.0000	70.0000	3.0000	0
223	223	105.8692	42.3652	1186.0000	-18.7000	-15.4000	-7.7000	0.8000	8.4000	14.0000	16.9000	15.3000	8.8000	0.5000	-9.1000	-16.3000	-6.5000	-2.2000	5.9000	15.2000	23.0000	27.8000	29.7000	27.7000	21.7000	13.6000	2.7000	-4.8000	1	1	2	4	6	12	26	24	9	4	2	1	92	6.3042	13.0250	26.9112	1319.8992	29.7000	-18.7000	48.4000	21.9000	-10.6500	21.9000	-10.6500	92.0000	26.0000	1.0000	114.7035	62.0000	3.0000	62.0000	3.0000	0
224	224	104.7916	43.0580	1865.0000	-21.6000	-18.3000	-11.0000	-2.6000	5.1000	10.7000	13.2000	11.7000	5.4000	-2.9000	-12.3000	-19.1000	-8.8000	-5.1000	2.4000	11.2000	19.0000	24.0000	25.6000	23.9000	18.0000	10.1000	0.0000	-6.9000	1	2	3	6	11	22	38	35	14	5	2	1	140	2.9875	12.9250	27.3835	1277.0369	25.6000	-21.6000	47.2000	18.1833	-11.4500	18.1833	-13.3000	140.0000	38.0000	1.0000	113.1436	95.0000	4.0000	95.0000	4.0000	0
225	225	108.7942	42.7501	1130.0000	-20.1000	-17.0000	-9.3000	-0.6000	7.1000	13.1000	16.4000	14.6000	7.4000	-0.8000	-10.4000	-17.8000	-8.1000	-3.5000	4.7000	14.1000	22.0000	26.8000	28.6000	26.2000	20.2000	12.3000	1.5000	-6.4000	2	1	3	5	7	17	40	38	15	7	2	1	138	5.0417	12.9833	26.6598	1338.7695	28.6000	-20.1000	48.7000	20.9500	-12.1500	20.9500	-12.1500	138.0000	40.0000	1.0000	120.5190	95.0000	4.0000	95.0000	4.0000	0
226	226	108.9289	43.0195	1124.0000	-20.4000	-17.2000	-9.6000	-0.9000	7.0000	13.0000	16.4000	14.6000	7.2000	-1.0000	-10.6000	-18.0000	-8.5000	-3.8000	4.4000	13.8000	21.8000	26.7000	28.5000	26.2000	20.0000	12.0000	1.2000	-6.7000	2	1	3	4	7	16	37	35	14	6	2	1	128	4.8375	12.9250	26.4315	1347.7138	28.5000	-20.4000	48.9000	20.9000	-12.4333	20.9000	-12.4333	128.0000	37.0000	1.0000	119.9476	88.0000	4.0000	88.0000	4.0000	0
227	227	109.3522	43.0387	1238.0000	-20.7000	-17.7000	-10.1000	-1.3000	6.7000	12.7000	16.2000	14.2000	6.8000	-1.3000	-10.9000	-18.3000	-8.9000	-4.3000	3.9000	13.3000	21.3000	26.2000	28.1000	25.7000	19.4000	11.5000	0.8000	-7.2000	2	1	3	5	8	17	40	37	16	7	2	2	140	4.4208	12.7917	26.2124	1348.3112	28.1000	-20.7000	48.8000	20.5167	-12.8500	20.5167	-12.8500	140.0000	40.0000	1.0000	116.7462	94.0000	5.0000	94.0000	5.0000	0
228	228	109.1983	42.7501	1088.0000	-20.0000	-16.9000	-9.1000	-0.3000	7.5000	13.4000	16.8000	15.0000	7.6000	-0.5000	-10.1000	-17.6000	-8.0000	-3.3000	5.0000	14.4000	22.3000	27.2000	28.9000	26.5000	20.4000	12.6000	1.8000	-6.2000	2	1	3	5	8	17	41	39	16	7	2	1	142	5.3083	12.9833	26.5508	1345.6983	28.9000	-20.0000	48.9000	21.3000	-12.0000	21.3000	-12.0000	142.0000	41.0000	1.0000	120.1521	97.0000	4.0000	97.0000	4.0000	0
229	229	109.1406	42.5961	1276.0000	-20.5000	-17.4000	-9.7000	-1.1000	6.6000	12.5000	15.9000	14.1000	6.8000	-1.1000	-10.7000	-18.1000	-8.4000	-3.9000	4.1000	13.4000	21.2000	26.1000	27.9000	25.5000	19.4000	11.7000	1.1000	-6.7000	2	2	3	6	9	20	46	44	18	8	2	2	162	4.5292	12.8417	26.5324	1326.5051	27.9000	-20.5000	48.4000	20.3333	-10.5500	20.3333	-12.5000	162.0000	46.0000	2.0000	118.0758	110.0000	6.0000	110.0000	6.0000	0
230	230	109.3138	42.5769	1166.0000	-20.1000	-17.0000	-9.2000	-0.5000	7.2000	13.2000	16.6000	14.7000	7.4000	-0.5000	-10.2000	-17.6000	-7.9000	-3.3000	4.8000	14.2000	22.0000	26.8000	28.6000	26.2000	20.1000	12.4000	1.7000	-6.2000	2	2	3	6	9	20	46	44	18	8	2	1	161	5.1417	12.9500	26.5914	1334.7809	28.6000	-20.1000	48.7000	21.0167	-10.0500	21.0167	-12.0167	161.0000	46.0000	1.0000	119.3164	110.0000	5.0000	110.0000	5.0000	0
231	231	108.9674	43.5006	895.0000	-20.4000	-17.0000	-9.3000	-0.6000	7.6000	13.7000	17.2000	15.2000	7.8000	-0.6000	-10.4000	-17.8000	-8.6000	-3.6000	4.9000	14.4000	22.7000	27.6000	29.5000	27.2000	20.8000	12.5000	1.5000	-6.7000	2	1	2	3	5	13	30	28	11	4	2	1	102	5.3167	13.0667	26.1857	1378.3889	29.5000	-20.4000	49.9000	21.7333	-12.3500	21.7333	-12.3500	102.0000	30.0000	1.0000	121.3845	71.0000	4.0000	71.0000	4.0000	0
232	232	100.1347	44.9246	2136.0000	-23.7000	-22.2000	-15.9000	-7.0000	0.2000	6.4000	8.5000	6.8000	0.8000	-7.3000	-16.3000	-21.8000	-10.0000	-6.6000	-1.1000	7.9000	15.3000	20.7000	21.6000	20.2000	14.9000	6.7000	-2.5000	-8.3000	2	2	3	7	8	24	47	41	15	5	2	1	157	-0.5292	14.1917	31.3282	1202.0313	21.6000	-23.7000	45.3000	14.0333	-13.7667	14.0333	-15.4333	157.0000	47.0000	1.0000	121.8779	112.0000	5.0000	112.0000	5.0000	0
233	233	101.0007	44.5397	1307.0000	-20.4000	-18.2000	-10.8000	-2.1000	5.3000	11.3000	13.3000	11.7000	5.4000	-2.7000	-11.9000	-18.3000	-6.9000	-2.8000	4.0000	13.3000	21.0000	26.0000	27.0000	25.5000	19.9000	11.7000	1.5000	-5.2000	1	1	2	4	5	16	34	28	10	3	1	1	106	4.0667	14.3667	30.3094	1264.6026	27.0000	-20.4000	47.4000	19.1333	-10.2000	19.1333	-11.9667	106.0000	34.0000	1.0000	128.5186	78.0000	3.0000	78.0000	3.0000	0
234	234	101.8281	44.6744	1832.0000	-21.4000	-19.3000	-12.5000	-4.1000	3.4000	9.4000	11.4000	9.8000	3.5000	-4.4000	-13.3000	-19.3000	-8.4000	-4.8000	1.5000	10.5000	18.2000	23.2000	24.2000	22.7000	17.2000	9.2000	-0.4000	-6.7000	1	2	3	6	11	27	52	43	16	5	2	1	169	2.0667	13.6000	29.8246	1224.1831	24.2000	-21.4000	45.6000	16.7833	-11.5833	16.7833	-13.3167	169.0000	52.0000	1.0000	124.0789	122.0000	4.0000	122.0000	4.0000	0
235	235	102.5978	44.4820	2170.0000	-22.6000	-20.3000	-13.7000	-5.4000	2.3000	8.3000	10.3000	8.8000	2.4000	-5.6000	-14.4000	-20.4000	-9.5000	-6.3000	0.1000	8.7000	16.5000	21.7000	22.7000	21.2000	15.6000	7.7000	-1.7000	-7.8000	1	2	4	8	16	32	56	49	18	6	3	1	196	0.7750	13.2667	29.2862	1218.2597	22.7000	-22.6000	45.3000	15.5000	-14.4833	15.5000	-14.4833	196.0000	56.0000	1.0000	117.7773	137.0000	4.0000	137.0000	4.0000	0
236	236	102.7903	44.4243	1968.0000	-22.3000	-19.8000	-12.9000	-4.5000	3.3000	9.3000	11.4000	9.9000	3.3000	-4.8000	-13.7000	-20.0000	-9.0000	-5.6000	1.1000	10.0000	17.8000	22.9000	24.0000	22.4000	16.8000	8.8000	-0.8000	-7.3000	1	2	4	7	14	28	49	44	16	6	3	1	175	1.6792	13.4917	29.1397	1244.3554	24.0000	-22.3000	46.3000	16.6500	-14.0000	16.6500	-14.0000	175.0000	49.0000	1.0000	115.7973	121.0000	4.0000	121.0000	4.0000	0
237	237	103.0212	43.4621	1793.0000	-21.1000	-18.2000	-11.0000	-2.5000	5.3000	11.2000	13.3000	11.7000	5.2000	-3.2000	-12.2000	-18.8000	-7.7000	-3.9000	3.2000	12.1000	19.9000	25.0000	26.3000	24.7000	18.8000	10.7000	0.8000	-5.9000	1	2	3	6	11	20	33	33	13	4	2	1	129	3.4875	13.6917	28.8854	1270.1058	26.3000	-21.1000	47.4000	18.7000	-10.8167	18.7000	-12.6000	129.0000	33.0000	1.0000	110.5035	86.0000	4.0000	86.0000	4.0000	0
238	238	93.8999	45.7136	2320.0000	-22.9000	-20.3000	-13.8000	-5.1000	1.4000	7.4000	9.0000	7.5000	1.7000	-6.0000	-15.0000	-20.7000	-8.8000	-6.0000	-0.2000	7.8000	14.5000	20.0000	21.1000	20.0000	14.8000	6.6000	-1.9000	-7.3000	0	1	3	8	10	27	32	27	13	7	2	1	131	0.1583	13.1167	29.8106	1158.6352	21.1000	-22.9000	44.0000	14.1667	-14.3333	14.1667	-14.3333	131.0000	32.0000	0.0000	105.1321	86.0000	2.0000	86.0000	2.0000	0
