Region	Altitude	LitterC	Grazing	Tree	incl	baresoil	VegC	Seedl
gig	2171	10	0	5	30	0	20	0
gig	2100	40	1	1	40	0	90	0
gig	1855	25	0	23	40	10	60	0
con	2051	10	0	12	20	0	40	1
con	2147	10	1	20	10	1	90	0
gig	1853	60	0	1	45	3	70	1
con	2137	20	1	5	30	5	60	1
con	2109	20	0	0	45	10	80	0
san	1875	0.5	0	4	40	1	10	0
con	2113	40	1	15	30	10	50	0
con	2076	15	0	3	30	0	40	0
san	2142	50	0	1	30	0	80	1
gig	2307	1	1	40	10	0.1	99	0
con	1819	20	0	4	20	0	90	0
san	2125	10	1	5	20	40	60	0
san	1999	90	0	2.5	30	0	80	1
con	2051	15	1	0.1	5	35	50	1
san	2091	70	0	12	5	0	30	0
gig	2333	0.5	1	22.5	20	5	25	0
san	2120	20	1	6	30	25	70	0
san	2128	30	0	1	10	20	70	0
con	2104	2	1	0.9	5	50	90	1
con	1861	90	1	2	40	0	75	1
san	1822	15	0	20	20	15	70	0
con	1815	10	0	1	10	45	50	0
con	2035	20	0	3	20	0	100	0
san	1823	5	0	0.5	10	5	50	1
gig	2099	5	0	30	40	0	5	0
con	1798	0.1	0	2	50	0	2	0
san	1863	10	0	14	20	0	80	0
san	2118	1	0	2	10	1	50	0
con	1805	20	0	15	40	2	75	0
gig	2183	40	1	45	40	1	40	0
san	2107	40	0	0.5	40	0	90	1
san	2131	30	1	0.2	5	5	95	0
con	2078	5	1	1.8	20	0	10	1
gig	2168	5	0	1.7	40	3	20	1
gig	2255	0.1	1	15	10	1	6	0
con	1826	25	0	0.6	10	0	90	0
san	2041	1	0	3	20	5	35	1
san	1820	40	0	0.5	20	10	50	0
gig	1791	0.5	1	9	20	40	15	0
san	1883	15	0	2	40	20	0.1	0
gig	2004	10	1	1.7	40	6	45	0
con	1824	5	0	1	30	50	40	0
san	2147	20	1	0.2	10	15	65	0
gig	2284	10	1	4	10	1	40	0
san	1821	10	0	20	20	20	50	0
con	1748	30	0	0.1	20	10	60	1
gig	2298	1	1	10	30	1	99	0
san	2086	0.1	0	3	30	0.1	10	0
con	1879	1	1	2	45	0	90	0
san	2006	30	0	1	10	0.1	50	0
san	2111	1	0	20	30	0	70	0
con	1808	0.1	0	1	30	0	20	0
san	1998	20	0	1	10	0	80	1
gig	2170	1	1	27	30	10	70	0
san	2069	30	0	2	40	0	70	1
san	1826	1	0	2	10	20	70	0
gig	1886	1	1	22	60	0	70	0
gig	1849	70	0	0.5	40	1	80	1
san	1893	15	0	2	30	5	80	0
san	2024	30	0	2	50	5	60	1
con	1776	50	0	0	10	10	80	1
gig	1869	10	1	6	45	0	30	0
gig	2262	1	1	25	20	25	75	0
san	2083	10	0	1	10	60	30	0
con	1907	40	0	1	40	0	60	1
san	1846	5	0	22	20	15	25	0
gig	2145	5	0	10	30	2	45	0
con	2132	1	1	23	5	35	30	0
con	1904	1	0	2	30	40	20	0
san	2123	50	0	0.1	60	0	90	1
san	2147	40	0	0.5	20	0	60	0
gig	2283	1	1	23	10	40	15	0
gig	2267	5	1	30	10	20	70	0
gig	1838	20	0	5	30	10	40	1
san	2036	95	0	3	10	0	90	0
san	1821	50	0	0.5	10	0	85	0
san	1988	90	0	1	30	2	80	1
gig	2264	1	1	15	10	15	80	0
con	2146	10	0	1	20	0	50	1
con	2125	5	1	23	40	50	50	0
gig	2303	1	1	19	30	5	95	0
con	2084	90	0	0.5	30	0	70	0
san	2093	10	0	4	5	70	30	0
san	1897	20	0	1	40	5	20	0
san	2119	20	1	0.18	5	10	90	0
con	1907	40	0	0.8	20	5	60	1
gig	2248	80	1	10	30	1	60	0
san	1842	5	0	10	20	10	50	0
con	1789	20	0	3	20	0	80	0
gig	1815	70	0	3	20	0	60	0
san	2098	10	0	8	10	20	70	0
con	2079	90	0	2	10	10	40	0
san	1872	1	0	2	30	0	50	0
san	1927	70	0	3	30	0	30	0
con	1810	40	0	5	30	0	80	1
gig	2073	40	1	1	40	2	30	0
san	2098	1	0	2	10	20	30	0
san	2039	40	0	0.3	10	10	70	0
san	2023	20	0	1.5	10	45	50	1
gig	2166	10	1	15	20	40	30	0
gig	2245	1	1	6	10	5	20	0
san	1841	90	0	1	30	0	50	1
san	2141	5	0	0.1	40	0	30	0
san	2147	30	0	2	40	1	90	0
san	2140	1	0	30	10	50	50	0
gig	2267	1	1	7	20	5	95	0
gig	2017	75	0	2	30	1	60	0
gig	1840	20	0	0.5	20	5	70	0
san	2130	10	0	22	30	1	95	0
san	1834	40	0	2	20	0	25	1
san	1878	70	0	1	20	2	70	1
san	2125	10	0	9	20	0	100	0
con	1795	30	0	1	60	0	90	0
san	2115	10	0	5	30	0	40	0
gig	2028	40	1	1.8	40	2	75	1
con	2155	2	1	21	30	1	43	0
con	1797	90	0	0	20	0	90	0
con	2059	50	1	0.5	10	10	70	1
gig	2265	10	1	3	30	2	40	0
san	2056	95	0	1.5	10	1	60	0
san	1817	1	0	0.5	20	10	40	1
con	2067	10	0	1.5	5	0	45	0
san	2116	1	0	0	20	0	30	0
gig	1827	10	1	30	30	5	60	0
con	1766	50	0	0.3	30	0	70	1
con	1857	5	1	1.5	40	0.5	40	1
gig	1854	25	0	5	40	0	50	0
con	2129	1	1	21	5	35	60	0
gig	2258	1	1	30	20	5	95	0
gig	2199	90	1	3.8	20	0	80	0
con	2130	90	0	10	20	0	90	0
con	1798	15	0	1	10	1	70	1
gig	1900	30	0	1	10	50	70	1
con	1920	1	0	2	60	0	88	1
gig	1798	0.1	1	10	40	0.1	1	0
san	2076	25	0	2	10	50	30	0
con	1818	30	0	1	20	0	90	1
con	1827	50	0	0.1	30	0	50	0
san	2136	1	0	8	30	0	30	0
san	2135	30	0	1	20	0	90	1
gig	2302	10	1	1.1	30	10	80	0
con	2074	0.1	0	20	40	40	10	0
san	2106	70	0	15	5	0	90	0
con	2106	1	1	12	10	15	70	0
con	1830	20	0	1	10	1	90	0
san	2034	20	0	1.3	5	10	70	0
gig	1827	0.5	1	8	20	0	40	0
