plots	anabasis	caragana	desert-shrub	haloxylon	mountain-shrub	mountain-steppe	steppe	salt
1	10.08	12.64	5.64	6.29	18.64	14.42	10.19	7.48
2	16.37	21.66	10.35	10.2	32.87	23.84	17.28	13.38
3	21.61	29.06	14.39	13.57	44.96	31.19	23.13	18.79
4	26.11	35.35	17.94	16.59	55.53	37.27	28.17	23.79
5	30.06	40.83	21.11	19.33	64.97	42.48	32.63	28.45
6	33.57	45.68	24	21.84	73.49	47.05	36.64	32.8
7	36.74	50.02	26.65	24.16	81.28	51.13	40.29	36.89
8	39.62	53.97	29.11	26.32	88.45	54.83	43.65	40.76
9	42.28	57.57	31.42	28.34	95.09	58.2	46.75	44.43
10	44.73	60.9	33.59	30.23	101.29	61.31	49.64	47.91
11	47.02	63.98	35.64	32.01	107.09	64.21	52.33	51.24
12	49.17	66.85	37.58	33.69	112.55	66.91	54.86	54.41
13	51.2	69.53	39.44	35.29	117.7	69.44	57.23	57.46
14	53.11	72.06	41.21	36.8	122.58	71.83	59.47	60.38
15	54.93	74.44	42.91	38.25	127.21	74.09	61.59	63.18
16	56.66	76.69	44.54	39.63	131.62	76.24	63.6	65.88
17	58.31	78.83	46.11	40.95	135.83	78.28	65.52	68.49
18	59.89	80.86	47.61	42.22	139.86	80.23	67.34	71
19	61.41	82.8	49.07	43.43	143.71	82.09	69.08	73.43
20	62.87	84.65	50.48	44.6	147.41	83.88	70.75	75.78
21	64.28	86.42	51.84	45.73	150.97	85.59	72.35	78.05
22	65.64	88.12	53.15	46.82	154.4	87.25	73.88	80.26
23	66.95	89.75	54.43	47.88	157.7	88.84	75.36	82.39
24	68.21	91.32	55.67	48.9	160.88	90.37	76.78	84.47
25	69.44	92.83	56.87	49.89	163.96	91.86	78.15	86.48
26	70.63	94.29	58.04	50.85	166.94	93.29	79.48	88.44
27	71.78	95.7	59.18	51.79	169.82	94.69	80.77	90.35
28	72.91	97.06	60.28	52.7	172.62	96.04	82.01	92.2
29	74	98.37	61.36	53.58	175.33	97.35	83.21	94.01
30	75.06	99.65	62.42	54.45	177.96	98.62	84.38	95.77
31	76.09	100.88	63.44	55.29	180.51	99.86	85.52	97.48
32	77.1	102.08	64.44	56.11	183	101.07	86.62	99.16
33	78.09	103.25	65.42	56.91	185.42	102.25	87.7	100.79
34	79.05	104.38	66.38	57.7	187.77	103.4	88.75	102.39
35	79.99	105.47	67.32	58.46	190.06	104.52	89.77	103.95
36	80.9	106.54	68.23	59.22	192.29	105.62	90.76	105.47
37	81.8	107.58	69.13	59.95	194.47	106.69	91.73	106.96
38	82.68	108.6	70.01	60.67	196.6	107.73	92.68	108.42
39	83.54	109.59	70.87	61.38	198.67	108.76	93.61	109.85
40	84.39	110.55	71.72	62.07	200.7	109.76	94.51	111.25
41	85.21	111.49	72.54	62.75	202.67	110.75	95.4	112.62
42	86.02	112.41	73.36	63.42	204.61	111.71	96.26	113.97
43	86.82	113.31	74.16	64.08	206.5	112.66	97.11	115.29
44	87.6	114.19	74.94	64.72	208.35	113.59	97.94	116.58
45	88.37	115.04	75.71	65.36	210.16	114.5	98.76	117.85
46	89.12	115.88	76.47	65.98	211.93	115.39	99.55	119.09
47	89.86	116.71	77.22	66.59	213.67	116.27	100.34	120.32
48	90.59	117.51	77.95	67.2	215.37	117.14	101.11	121.52
49	91.31	118.3	78.67	67.79	217.03	117.99	101.86	122.7
50	92.01	119.07	79.38	68.37	218.66	118.82	102.6	123.86
51	92.71	119.83	80.08	68.95	220.26	119.64	103.33	125
52	93.39	120.57	80.77	69.52	221.83	120.45	104.04	126.13
53	94.06	121.3	81.45	70.08	223.37	121.25	104.75	127.23
54	94.73	122.01	82.12	70.63	224.89	122.03	105.44	128.32
55	95.38	122.72	82.78	71.17	226.37	122.81	106.12	129.39
56	96.02	123.41	83.43	71.71	227.83	123.57	106.79	130.45
57	96.66	124.08	84.07	72.24	229.26	124.32	107.45	131.48
58	97.28	124.75	84.7	72.76	230.66	125.06	108.1	132.51
59	97.9	125.41	85.33	73.28	232.04	125.79	108.74	133.52
60	98.51	126.05	85.95	73.79	233.4	126.51	109.37	134.51
61	99.11	126.68	86.56	74.29	234.74	127.22	109.99	135.49
62	99.7	127.31	87.16	74.79	236.05	127.92	110.61	136.45
63	100.29	127.92	87.75	75.28	237.34	128.61	111.22	137.41
64	100.86	128.52	88.34	75.77	238.61	129.29	111.86	138.35
65	101.44	129.12	88.92	76.25	239.86	129.96	112.41	139.28
66	102	129.7	89.49	76.72	241.09	130.63	112.99	140.19
67	102.55	130.28	90.06	77.19	242.3	131.28	113.57	141.09
68	103.1	130.85	90.62	77.66	243.49	131.93	114.14	141.99
69	103.65	131.41	91.17	78.11	244.66	132.57	114.7	142.87
70	104.18	131.96	91.72	78.57	245.81	133.21	115.26	143.74
71	104.71	132.51	92.26	79.02	246.95	133.83	115.81	144.6
72	105.24	133.05	92.8	79.46	248.07	134.45	116.35	145.45
73	105.76	133.58	93.33	79.9	249.18	135.06	116.89	146.28
74	106.27	134.1	93.86	80.34	250.26	135.67	117.43	147.11
75	106.78	134.62	94.38	80.77	251.34	136.26	117.96	147.93
76	107.28	135.13	94.89	81.2	252.39	136.85	118.48	148.74
77	107.77	135.63	95.4	81.62	253.44	137.44	119	149.54
78	108.26	136.13	95.9	82.04	254.47	138.02	NA	150.34
79	108.75	136.62	96.4	82.45	255.48	138.59	NA	151.12
80	109.23	137.11	96.9	82.87	256.48	139.16	NA	151.89
81	109.7	137.58	97.39	83.27	257.47	139.72	NA	152.66
82	110.17	138.06	97.87	83.68	258.44	140.27	NA	153.42
83	110.64	138.53	98.35	84.08	259.4	140.82	NA	154.17
84	111.1	138.99	98.83	84.47	260.35	141.36	NA	154.91
85	111.56	139.45	99.3	84.87	261.29	141.9	NA	155.65
86	112.01	139.9	99.77	85.26	262.21	142.44	NA	156.37
87	112.46	140.35	100.23	85.65	263.12	142.96	NA	157.09
88	112.9	140.79	100.69	86.03	264.03	143.49	NA	157.81
89	113.34	141.23	101.15	86.41	264.92	144	NA	158.51
90	113.77	141.66	101.6	86.79	265.8	144.52	NA	159.21
91	114.2	142.09	102.05	87.16	266.66	145.03	NA	159.9
92	114.63	142.52	102.49	87.53	267.52	145.53	NA	160.59
93	115.05	142.94	102.93	87.9	268.37	146.03	NA	161.27
94	115.47	143.36	103.37	88.27	269.21	146.52	NA	161.94
95	115.88	143.77	103.8	88.63	270.04	147.01	NA	162.6
96	116.29	144.18	104.23	88.99	270.86	147.5	NA	163.26
97	116.7	144.58	104.65	89.35	271.67	147.98	NA	163.92
98	117.1	144.98	105.08	89.71	272.47	148.46	NA	164.56
99	117.5	145.38	105.49	90.06	273.26	148.93	NA	165.21
100	117.9	145.77	105.91	90.41	274.04	149.4	NA	165.84
101	118.29	146.16	106.32	90.76	274.82	149.87	NA	166.47
102	118.68	146.55	106.73	91.1	275.58	150.33	NA	167.1
103	119.07	146.93	107.14	91.44	276.34	150.79	NA	167.71
104	119.45	147.31	107.54	91.78	277.09	151.24	NA	168.33
105	119.83	147.68	107.94	92.12	277.83	151.69	NA	168.94
106	120.21	148.06	108.33	92.46	278.56	152.14	NA	169.54
107	120.58	148.43	108.73	92.79	279.29	152.58	NA	170.14
108	120.95	148.79	109.12	93.12	280.01	153.02	NA	170.73
109	121.32	149.16	109.5	93.45	280.72	153.46	NA	171.32
110	121.68	149.52	109.89	93.78	281.42	153.89	NA	171.9
111	122.04	149.88	110.27	94.11	282.12	154.32	NA	172.48
112	122.4	150.23	110.65	94.43	282.81	154.75	NA	173.05
113	122.75	150.58	111.02	94.75	283.49	155.17	NA	173.62
114	123.1	150.93	111.43	95.07	284.17	155.59	NA	174.18
115	123.45	151.28	111.77	95.39	284.89	156.01	NA	174.74
116	123.8	151.62	112.13	95.7	285.51	156.42	NA	175.3
117	124.14	151.96	112.5	96.02	286.16	156.84	NA	175.85
118	124.49	152.3	112.86	96.33	286.81	157.24	NA	176.39
119	124.82	152.64	113.22	96.64	287.46	157.65	NA	176.94
120	125.16	152.97	113.58	96.95	288.1	158.05	NA	177.47
121	125.49	153.31	113.93	97.25	288.73	158.45	NA	178.01
122	125.82	153.64	114.28	97.56	289.36	158.85	NA	178.53
123	126.15	153.96	114.63	97.86	289.98	159.24	NA	179.06
124	126.48	154.29	114.98	98.16	290.59	159.64	NA	179.58
125	126.8	154.61	115.32	98.46	291.2	160.02	NA	180.1
126	127.12	154.93	115.66	98.76	291.81	160.41	NA	180.61
127	127.44	155.25	116	99.06	292.41	160.8	NA	181.12
128	127.76	155.56	NA	99.35	293	161.18	NA	181.63
129	128.07	155.88	NA	99.65	NA	161.56	NA	182.13
130	128.38	156.19	NA	99.94	NA	161.93	NA	182.62
131	128.69	156.5	NA	100.23	NA	162.31	NA	183.12
132	129	156.81	NA	100.52	NA	162.68	NA	183.61
133	129.3	157.12	NA	100.8	NA	163.05	NA	184.1
134	129.61	157.42	NA	101.09	NA	163.41	NA	184.58
135	129.91	157.72	NA	101.37	NA	163.78	NA	185.06
136	130.21	158.02	NA	101.66	NA	164.14	NA	185.54
137	130.5	158.32	NA	101.94	NA	164.5	NA	186.01
138	130.8	158.62	NA	102.22	NA	164.86	NA	186.48
139	131.09	158.91	NA	102.5	NA	165.22	NA	186.95
140	131.38	159.21	NA	102.78	NA	165.57	NA	187.41
141	131.67	159.5	NA	103.05	NA	165.92	NA	187.87
142	131.95	159.79	NA	103.33	NA	166.27	NA	188.37
143	132.24	160.08	NA	103.6	NA	166.62	NA	188.78
144	132.52	160.37	NA	103.87	NA	166.97	NA	189.23
145	132.8	160.65	NA	104.15	NA	167.31	NA	189.68
146	133.08	160.93	NA	104.42	NA	167.65	NA	190.13
147	133.36	161.22	NA	104.69	NA	167.99	NA	190.57
148	133.63	161.5	NA	104.95	NA	168.33	NA	191.01
149	133.91	161.78	NA	105.22	NA	168.67	NA	191.44
150	134.18	162.05	NA	105.48	NA	169	NA	191.88
151	134.45	162.33	NA	105.75	NA	169.33	NA	192.31
152	134.71	162.61	NA	106.01	NA	169.66	NA	192.73
153	134.98	162.88	NA	106.27	NA	169.99	NA	193.16
154	135.24	163.15	NA	106.54	NA	170.32	NA	193.58
155	135.51	163.42	NA	106.8	NA	170.65	NA	194
156	135.77	163.69	NA	107.05	NA	170.97	NA	NA
157	136.03	163.96	NA	107.31	NA	171.29	NA	NA
158	136.29	164.23	NA	107.57	NA	171.61	NA	NA
159	136.54	164.49	NA	107.82	NA	171.93	NA	NA
160	136.8	164.76	NA	108.08	NA	172.25	NA	NA
161	137.05	165.02	NA	108.33	NA	172.56	NA	NA
162	137.3	165.28	NA	108.59	NA	172.88	NA	NA
163	137.55	165.54	NA	108.84	NA	173.19	NA	NA
164	137.8	165.8	NA	109.09	NA	173.5	NA	NA
165	138.05	166.06	NA	109.34	NA	173.81	NA	NA
166	138.29	166.32	NA	109.59	NA	174.15	NA	NA
167	138.54	166.57	NA	109.84	NA	174.43	NA	NA
168	138.78	166.83	NA	110.08	NA	174.73	NA	NA
169	139.02	167.08	NA	110.33	NA	175.04	NA	NA
170	139.26	167.33	NA	110.57	NA	175.34	NA	NA
171	139.5	167.58	NA	110.82	NA	175.64	NA	NA
172	139.74	167.86	NA	111.06	NA	175.94	NA	NA
173	139.97	168.08	NA	111.31	NA	176.24	NA	NA
174	140.21	168.33	NA	111.55	NA	176.53	NA	NA
175	140.44	168.58	NA	111.79	NA	176.83	NA	NA
176	140.67	168.83	NA	112.03	NA	177.12	NA	NA
177	140.9	169.07	NA	112.27	NA	177.42	NA	NA
178	141.13	169.32	NA	112.51	NA	177.71	NA	NA
179	141.36	169.56	NA	112.74	NA	178	NA	NA
180	141.58	169.8	NA	113	NA	NA	NA	NA
181	141.81	170.04	NA	113.22	NA	NA	NA	NA
182	142.03	170.28	NA	113.46	NA	NA	NA	NA
183	142.26	170.52	NA	113.69	NA	NA	NA	NA
184	142.48	170.76	NA	113.92	NA	NA	NA	NA
185	142.7	171	NA	114.16	NA	NA	NA	NA
186	142.92	NA	NA	114.39	NA	NA	NA	NA
187	143.13	NA	NA	114.62	NA	NA	NA	NA
188	143.35	NA	NA	114.85	NA	NA	NA	NA
189	143.57	NA	NA	115.08	NA	NA	NA	NA
190	143.78	NA	NA	115.31	NA	NA	NA	NA
191	143.99	NA	NA	115.54	NA	NA	NA	NA
192	144.21	NA	NA	115.77	NA	NA	NA	NA
193	144.42	NA	NA	116	NA	NA	NA	NA
194	144.63	NA	NA	NA	NA	NA	NA	NA
195	144.83	NA	NA	NA	NA	NA	NA	NA
196	145.04	NA	NA	NA	NA	NA	NA	NA
197	145.25	NA	NA	NA	NA	NA	NA	NA
198	145.45	NA	NA	NA	NA	NA	NA	NA
199	145.66	NA	NA	NA	NA	NA	NA	NA
200	145.86	NA	NA	NA	NA	NA	NA	NA
201	146.06	NA	NA	NA	NA	NA	NA	NA
202	146.27	NA	NA	NA	NA	NA	NA	NA
203	146.47	NA	NA	NA	NA	NA	NA	NA
204	146.67	NA	NA	NA	NA	NA	NA	NA
205	146.86	NA	NA	NA	NA	NA	NA	NA
206	147.06	NA	NA	NA	NA	NA	NA	NA
207	147.26	NA	NA	NA	NA	NA	NA	NA
208	147.45	NA	NA	NA	NA	NA	NA	NA
209	147.65	NA	NA	NA	NA	NA	NA	NA
210	147.84	NA	NA	NA	NA	NA	NA	NA
211	148.03	NA	NA	NA	NA	NA	NA	NA
212	148.22	NA	NA	NA	NA	NA	NA	NA
213	148.42	NA	NA	NA	NA	NA	NA	NA
214	148.61	NA	NA	NA	NA	NA	NA	NA
215	148.79	NA	NA	NA	NA	NA	NA	NA
216	148.98	NA	NA	NA	NA	NA	NA	NA
217	149.17	NA	NA	NA	NA	NA	NA	NA
218	149.36	NA	NA	NA	NA	NA	NA	NA
219	149.54	NA	NA	NA	NA	NA	NA	NA
220	149.73	NA	NA	NA	NA	NA	NA	NA
221	149.91	NA	NA	NA	NA	NA	NA	NA
222	150.09	NA	NA	NA	NA	NA	NA	NA
223	150.27	NA	NA	NA	NA	NA	NA	NA
224	150.46	NA	NA	NA	NA	NA	NA	NA
225	150.64	NA	NA	NA	NA	NA	NA	NA
226	150.81	NA	NA	NA	NA	NA	NA	NA
227	150.99	NA	NA	NA	NA	NA	NA	NA
228	151.17	NA	NA	NA	NA	NA	NA	NA
229	151.35	NA	NA	NA	NA	NA	NA	NA
230	151.52	NA	NA	NA	NA	NA	NA	NA
231	151.7	NA	NA	NA	NA	NA	NA	NA
232	151.88	NA	NA	NA	NA	NA	NA	NA
233	152.05	NA	NA	NA	NA	NA	NA	NA
234	152.22	NA	NA	NA	NA	NA	NA	NA
235	152.4	NA	NA	NA	NA	NA	NA	NA
236	152.57	NA	NA	NA	NA	NA	NA	NA
237	152.74	NA	NA	NA	NA	NA	NA	NA
238	152.91	NA	NA	NA	NA	NA	NA	NA
239	153.08	NA	NA	NA	NA	NA	NA	NA
240	153.25	NA	NA	NA	NA	NA	NA	NA
241	153.41	NA	NA	NA	NA	NA	NA	NA
242	153.58	NA	NA	NA	NA	NA	NA	NA
243	153.75	NA	NA	NA	NA	NA	NA	NA
244	153.92	NA	NA	NA	NA	NA	NA	NA
245	154.08	NA	NA	NA	NA	NA	NA	NA
246	154.25	NA	NA	NA	NA	NA	NA	NA
247	154.41	NA	NA	NA	NA	NA	NA	NA
248	154.57	NA	NA	NA	NA	NA	NA	NA
249	154.74	NA	NA	NA	NA	NA	NA	NA
250	154.9	NA	NA	NA	NA	NA	NA	NA
251	155.06	NA	NA	NA	NA	NA	NA	NA
252	155.22	NA	NA	NA	NA	NA	NA	NA
253	155.38	NA	NA	NA	NA	NA	NA	NA
254	155.54	NA	NA	NA	NA	NA	NA	NA
255	155.7	NA	NA	NA	NA	NA	NA	NA
256	155.86	NA	NA	NA	NA	NA	NA	NA
257	156.01	NA	NA	NA	NA	NA	NA	NA
258	156.17	NA	NA	NA	NA	NA	NA	NA
259	156.33	NA	NA	NA	NA	NA	NA	NA
260	156.48	NA	NA	NA	NA	NA	NA	NA
261	156.64	NA	NA	NA	NA	NA	NA	NA
262	156.79	NA	NA	NA	NA	NA	NA	NA
263	156.95	NA	NA	NA	NA	NA	NA	NA
264	157.1	NA	NA	NA	NA	NA	NA	NA
265	157.25	NA	NA	NA	NA	NA	NA	NA
266	157.41	NA	NA	NA	NA	NA	NA	NA
267	157.56	NA	NA	NA	NA	NA	NA	NA
268	157.71	NA	NA	NA	NA	NA	NA	NA
269	157.86	NA	NA	NA	NA	NA	NA	NA
270	158.01	NA	NA	NA	NA	NA	NA	NA
271	158.16	NA	NA	NA	NA	NA	NA	NA
272	158.31	NA	NA	NA	NA	NA	NA	NA
273	158.46	NA	NA	NA	NA	NA	NA	NA
274	158.6	NA	NA	NA	NA	NA	NA	NA
275	158.75	NA	NA	NA	NA	NA	NA	NA
276	158.9	NA	NA	NA	NA	NA	NA	NA
277	159.04	NA	NA	NA	NA	NA	NA	NA
278	159.19	NA	NA	NA	NA	NA	NA	NA
279	159.34	NA	NA	NA	NA	NA	NA	NA
280	159.48	NA	NA	NA	NA	NA	NA	NA
281	159.63	NA	NA	NA	NA	NA	NA	NA
282	159.77	NA	NA	NA	NA	NA	NA	NA
283	159.91	NA	NA	NA	NA	NA	NA	NA
284	160.06	NA	NA	NA	NA	NA	NA	NA
285	160.2	NA	NA	NA	NA	NA	NA	NA
286	160.34	NA	NA	NA	NA	NA	NA	NA
287	160.48	NA	NA	NA	NA	NA	NA	NA
288	160.62	NA	NA	NA	NA	NA	NA	NA
289	160.76	NA	NA	NA	NA	NA	NA	NA
290	160.9	NA	NA	NA	NA	NA	NA	NA
291	161.04	NA	NA	NA	NA	NA	NA	NA
292	161.18	NA	NA	NA	NA	NA	NA	NA
293	161.32	NA	NA	NA	NA	NA	NA	NA
294	161.46	NA	NA	NA	NA	NA	NA	NA
295	161.6	NA	NA	NA	NA	NA	NA	NA
296	161.73	NA	NA	NA	NA	NA	NA	NA
297	161.87	NA	NA	NA	NA	NA	NA	NA
298	162.01	NA	NA	NA	NA	NA	NA	NA
299	162.14	NA	NA	NA	NA	NA	NA	NA
300	162.28	NA	NA	NA	NA	NA	NA	NA
301	162.41	NA	NA	NA	NA	NA	NA	NA
302	162.55	NA	NA	NA	NA	NA	NA	NA
303	162.68	NA	NA	NA	NA	NA	NA	NA
304	162.82	NA	NA	NA	NA	NA	NA	NA
305	162.95	NA	NA	NA	NA	NA	NA	NA
306	163.08	NA	NA	NA	NA	NA	NA	NA
307	163.21	NA	NA	NA	NA	NA	NA	NA
308	163.35	NA	NA	NA	NA	NA	NA	NA
309	163.48	NA	NA	NA	NA	NA	NA	NA
310	163.61	NA	NA	NA	NA	NA	NA	NA
311	163.74	NA	NA	NA	NA	NA	NA	NA
312	163.87	NA	NA	NA	NA	NA	NA	NA
313	164	NA	NA	NA	NA	NA	NA	NA
314	164.13	NA	NA	NA	NA	NA	NA	NA
315	164.26	NA	NA	NA	NA	NA	NA	NA
316	164.39	NA	NA	NA	NA	NA	NA	NA
317	164.52	NA	NA	NA	NA	NA	NA	NA
318	164.65	NA	NA	NA	NA	NA	NA	NA
319	164.78	NA	NA	NA	NA	NA	NA	NA
320	164.9	NA	NA	NA	NA	NA	NA	NA
321	165.03	NA	NA	NA	NA	NA	NA	NA
322	165.16	NA	NA	NA	NA	NA	NA	NA
323	165.28	NA	NA	NA	NA	NA	NA	NA
324	165.41	NA	NA	NA	NA	NA	NA	NA
325	165.54	NA	NA	NA	NA	NA	NA	NA
326	165.66	NA	NA	NA	NA	NA	NA	NA
327	165.79	NA	NA	NA	NA	NA	NA	NA
328	165.91	NA	NA	NA	NA	NA	NA	NA
329	166.04	NA	NA	NA	NA	NA	NA	NA
330	166.16	NA	NA	NA	NA	NA	NA	NA
331	166.29	NA	NA	NA	NA	NA	NA	NA
332	166.41	NA	NA	NA	NA	NA	NA	NA
333	166.53	NA	NA	NA	NA	NA	NA	NA
334	166.65	NA	NA	NA	NA	NA	NA	NA
335	166.78	NA	NA	NA	NA	NA	NA	NA
336	166.9	NA	NA	NA	NA	NA	NA	NA
337	167.02	NA	NA	NA	NA	NA	NA	NA
338	167.14	NA	NA	NA	NA	NA	NA	NA
339	167.26	NA	NA	NA	NA	NA	NA	NA
340	167.39	NA	NA	NA	NA	NA	NA	NA
341	167.51	NA	NA	NA	NA	NA	NA	NA
342	167.63	NA	NA	NA	NA	NA	NA	NA
343	167.75	NA	NA	NA	NA	NA	NA	NA
344	167.87	NA	NA	NA	NA	NA	NA	NA
345	167.99	NA	NA	NA	NA	NA	NA	NA
346	168.11	NA	NA	NA	NA	NA	NA	NA
347	168.22	NA	NA	NA	NA	NA	NA	NA
348	168.34	NA	NA	NA	NA	NA	NA	NA
349	168.46	NA	NA	NA	NA	NA	NA	NA
350	168.58	NA	NA	NA	NA	NA	NA	NA
351	168.7	NA	NA	NA	NA	NA	NA	NA
352	168.81	NA	NA	NA	NA	NA	NA	NA
353	168.93	NA	NA	NA	NA	NA	NA	NA
354	169.05	NA	NA	NA	NA	NA	NA	NA
355	169.17	NA	NA	NA	NA	NA	NA	NA
356	169.28	NA	NA	NA	NA	NA	NA	NA
357	169.4	NA	NA	NA	NA	NA	NA	NA
358	169.51	NA	NA	NA	NA	NA	NA	NA
359	169.63	NA	NA	NA	NA	NA	NA	NA
360	169.74	NA	NA	NA	NA	NA	NA	NA
361	169.86	NA	NA	NA	NA	NA	NA	NA
362	169.97	NA	NA	NA	NA	NA	NA	NA
363	170.09	NA	NA	NA	NA	NA	NA	NA
364	170.2	NA	NA	NA	NA	NA	NA	NA
365	170.32	NA	NA	NA	NA	NA	NA	NA
366	170.43	NA	NA	NA	NA	NA	NA	NA
367	170.55	NA	NA	NA	NA	NA	NA	NA
368	170.66	NA	NA	NA	NA	NA	NA	NA
369	170.77	NA	NA	NA	NA	NA	NA	NA
370	170.88	NA	NA	NA	NA	NA	NA	NA
371	171	NA	NA	NA	NA	NA	NA	NA
372	171.11	NA	NA	NA	NA	NA	NA	NA
373	171.22	NA	NA	NA	NA	NA	NA	NA
374	171.33	NA	NA	NA	NA	NA	NA	NA
375	171.45	NA	NA	NA	NA	NA	NA	NA
376	171.56	NA	NA	NA	NA	NA	NA	NA
377	171.67	NA	NA	NA	NA	NA	NA	NA
378	171.78	NA	NA	NA	NA	NA	NA	NA
379	171.89	NA	NA	NA	NA	NA	NA	NA
380	172	NA	NA	NA	NA	NA	NA	NA
